,year,name,percent,gender
100000,1980,Michael,0.037039,boy
100001,1980,Christopher,0.026531,boy
100002,1980,Jason,0.025994,boy
100003,1980,David,0.0226,boy
100004,1980,James,0.021205,boy
100005,1980,Matthew,0.020417,boy
100006,1980,Joshua,0.019454,boy
100007,1980,John,0.019018,boy
100008,1980,Robert,0.018475,boy
100009,1980,Joseph,0.016285,boy
100010,1980,Daniel,0.01612,boy
100011,1980,Brian,0.015495,boy
100012,1980,Justin,0.014436,boy
100013,1980,William,0.013836,boy
100014,1980,Ryan,0.013375,boy
100015,1980,Eric,0.012197,boy
100016,1980,Nicholas,0.011338,boy
100017,1980,Jeremy,0.010739,boy
100018,1980,Andrew,0.010642,boy
100019,1980,Timothy,0.010334,boy
100020,1980,Jonathan,0.010243,boy
100021,1980,Adam,0.010176,boy
100022,1980,Kevin,0.009692,boy
100023,1980,Anthony,0.009495,boy
100024,1980,Thomas,0.009465,boy
100025,1980,Richard,0.008986,boy
100026,1980,Jeffrey,0.008839,boy
100027,1980,Steven,0.008578,boy
100028,1980,Charles,0.008072,boy
100029,1980,Brandon,0.007638,boy
100030,1980,Mark,0.007637,boy
100031,1980,Benjamin,0.007348,boy
100032,1980,Scott,0.007175,boy
100033,1980,Aaron,0.007102,boy
100034,1980,Paul,0.006373,boy
100035,1980,Nathan,0.006003,boy
100036,1980,Travis,0.005808,boy
100037,1980,Patrick,0.005581,boy
100038,1980,Chad,0.005477,boy
100039,1980,Stephen,0.00543,boy
100040,1980,Kenneth,0.005184,boy
100041,1980,Gregory,0.004998,boy
100042,1980,Jacob,0.004593,boy
100043,1980,Dustin,0.004541,boy
100044,1980,Jesse,0.004517,boy
100045,1980,Jose,0.004484,boy
100046,1980,Shawn,0.004153,boy
100047,1980,Sean,0.004096,boy
100048,1980,Bryan,0.004053,boy
100049,1980,Derek,0.003903,boy
100050,1980,Bradley,0.003893,boy
100051,1980,Edward,0.003647,boy
100052,1980,Donald,0.003384,boy
100053,1980,Samuel,0.003241,boy
100054,1980,Peter,0.003209,boy
100055,1980,Keith,0.003177,boy
100056,1980,Kyle,0.00312,boy
100057,1980,Ronald,0.003106,boy
100058,1980,Juan,0.002929,boy
100059,1980,George,0.002856,boy
100060,1980,Jared,0.002803,boy
100061,1980,Douglas,0.002795,boy
100062,1980,Gary,0.002717,boy
100063,1980,Erik,0.002649,boy
100064,1980,Phillip,0.002501,boy
100065,1980,Joel,0.002466,boy
100066,1980,Raymond,0.002464,boy
100067,1980,Corey,0.002395,boy
100068,1980,Shane,0.002356,boy
100069,1980,Larry,0.002301,boy
100070,1980,Marcus,0.002294,boy
100071,1980,Zachary,0.002287,boy
100072,1980,Craig,0.002283,boy
100073,1980,Derrick,0.002231,boy
100074,1980,Todd,0.00223,boy
100075,1980,Jeremiah,0.00221,boy
100076,1980,Antonio,0.0022,boy
100077,1980,Carlos,0.002197,boy
100078,1980,Shaun,0.002118,boy
100079,1980,Dennis,0.002052,boy
100080,1980,Frank,0.002011,boy
100081,1980,Philip,0.001922,boy
100082,1980,Cory,0.001917,boy
100083,1980,Brent,0.001907,boy
100084,1980,Gabriel,0.001882,boy
100085,1980,Nathaniel,0.001881,boy
100086,1980,Randy,0.001826,boy
100087,1980,Luis,0.001809,boy
100088,1980,Curtis,0.001801,boy
100089,1980,Jeffery,0.001796,boy
100090,1980,Russell,0.001764,boy
100091,1980,Alexander,0.001761,boy
100092,1980,Casey,0.001733,boy
100093,1980,Jerry,0.001723,boy
100094,1980,Wesley,0.001708,boy
100095,1980,Brett,0.00169,boy
100096,1980,Luke,0.001671,boy
100097,1980,Lucas,0.001661,boy
100098,1980,Seth,0.001644,boy
100099,1980,Billy,0.001614,boy
100100,1980,Terry,0.001611,boy
100101,1980,Mario,0.001582,boy
100102,1980,Carl,0.001581,boy
100103,1980,Ian,0.001568,boy
100104,1980,Jamie,0.001535,boy
100105,1980,Troy,0.001524,boy
100106,1980,Victor,0.001517,boy
100107,1980,Tony,0.00147,boy
100108,1980,Bobby,0.001469,boy
100109,1980,Jesus,0.001454,boy
100110,1980,Vincent,0.001452,boy
100111,1980,Alan,0.001439,boy
100112,1980,Johnny,0.001424,boy
100113,1980,Tyler,0.001414,boy
100114,1980,Adrian,0.001289,boy
100115,1980,Brad,0.001279,boy
100116,1980,Ricardo,0.001251,boy
100117,1980,Marc,0.001247,boy
100118,1980,Christian,0.001246,boy
100119,1980,Danny,0.001224,boy
100120,1980,Rodney,0.001222,boy
100121,1980,Ricky,0.001204,boy
100122,1980,Martin,0.0012,boy
100123,1980,Allen,0.001192,boy
100124,1980,Lee,0.001191,boy
100125,1980,Jimmy,0.00119,boy
100126,1980,Jon,0.001176,boy
100127,1980,Lawrence,0.001172,boy
100128,1980,Miguel,0.001172,boy
100129,1980,Willie,0.001171,boy
100130,1980,Clinton,0.001167,boy
100131,1980,Micheal,0.001162,boy
100132,1980,Andre,0.001121,boy
100133,1980,Roger,0.001118,boy
100134,1980,Henry,0.001114,boy
100135,1980,Randall,0.001092,boy
100136,1980,Kristopher,0.001085,boy
100137,1980,Walter,0.001084,boy
100138,1980,Jorge,0.001077,boy
100139,1980,Joe,0.001072,boy
100140,1980,Jay,0.001069,boy
100141,1980,Albert,0.001055,boy
100142,1980,Cody,0.001055,boy
100143,1980,Manuel,0.001026,boy
100144,1980,Roberto,0.001012,boy
100145,1980,Wayne,0.000994,boy
100146,1980,Arthur,0.000982,boy
100147,1980,Gerald,0.000982,boy
100148,1980,Jermaine,0.000975,boy
100149,1980,Isaac,0.000968,boy
100150,1980,Louis,0.000965,boy
100151,1980,Lance,0.000963,boy
100152,1980,Roy,0.000959,boy
100153,1980,Francisco,0.000952,boy
100154,1980,Trevor,0.000911,boy
100155,1980,Alex,0.000903,boy
100156,1980,Bruce,0.000889,boy
100157,1980,Evan,0.000875,boy
100158,1980,Jack,0.000873,boy
100159,1980,Jordan,0.000872,boy
100160,1980,Frederick,0.000867,boy
100161,1980,Maurice,0.000839,boy
100162,1980,Darren,0.000825,boy
100163,1980,Mitchell,0.000821,boy
100164,1980,Ruben,0.000803,boy
100165,1980,Reginald,0.000799,boy
100166,1980,Darrell,0.000789,boy
100167,1980,Jaime,0.000788,boy
100168,1980,Hector,0.000782,boy
100169,1980,Omar,0.00078,boy
100170,1980,Jonathon,0.000771,boy
100171,1980,Angel,0.000764,boy
100172,1980,Ronnie,0.00076,boy
100173,1980,Johnathan,0.000756,boy
100174,1980,Barry,0.000756,boy
100175,1980,Oscar,0.000751,boy
100176,1980,Eddie,0.000749,boy
100177,1980,Jerome,0.000745,boy
100178,1980,Terrance,0.000745,boy
100179,1980,Ernest,0.00074,boy
100180,1980,Neil,0.000727,boy
100181,1980,Damien,0.000722,boy
100182,1980,Mathew,0.000719,boy
100183,1980,Shannon,0.000718,boy
100184,1980,Calvin,0.000714,boy
100185,1980,Javier,0.000705,boy
100186,1980,Alejandro,0.000702,boy
100187,1980,Edwin,0.0007,boy
100188,1980,Eugene,0.000694,boy
100189,1980,Garrett,0.000693,boy
100190,1980,Raul,0.000693,boy
100191,1980,Kurt,0.000691,boy
100192,1980,Clint,0.000688,boy
100193,1980,Clayton,0.000688,boy
100194,1980,Leonard,0.000687,boy
100195,1980,Fernando,0.000681,boy
100196,1980,Tommy,0.000679,boy
100197,1980,Dale,0.000667,boy
100198,1980,Geoffrey,0.000661,boy
100199,1980,Marvin,0.000659,boy
100200,1980,Steve,0.000659,boy
100201,1980,Clifford,0.000656,boy
100202,1980,Beau,0.000651,boy
100203,1980,Tyrone,0.000645,boy
100204,1980,Theodore,0.000644,boy
100205,1980,Colin,0.000643,boy
100206,1980,Harold,0.000642,boy
100207,1980,Rafael,0.000639,boy
100208,1980,Kelly,0.000638,boy
100209,1980,Terrence,0.000637,boy
100210,1980,Austin,0.000627,boy
100211,1980,Joey,0.000621,boy
100212,1980,Jarrod,0.000618,boy
100213,1980,Glenn,0.000617,boy
100214,1980,Ramon,0.000616,boy
100215,1980,Cameron,0.000615,boy
100216,1980,Grant,0.000597,boy
100217,1980,Melvin,0.000596,boy
100218,1980,Brendan,0.000593,boy
100219,1980,Jessie,0.000592,boy
100220,1980,Stanley,0.000591,boy
100221,1980,Armando,0.000589,boy
100222,1980,Pedro,0.000587,boy
100223,1980,Dwayne,0.000576,boy
100224,1980,Karl,0.00057,boy
100225,1980,Levi,0.000568,boy
100226,1980,Eduardo,0.000566,boy
100227,1980,Micah,0.000565,boy
100228,1980,Ross,0.00056,boy
100229,1980,Ralph,0.00056,boy
100230,1980,Byron,0.000553,boy
100231,1980,Dominic,0.000551,boy
100232,1980,Marco,0.000543,boy
100233,1980,Chris,0.000531,boy
100234,1980,Caleb,0.00053,boy
100235,1980,Devin,0.000529,boy
100236,1980,Andy,0.000522,boy
100237,1980,Blake,0.000522,boy
100238,1980,Sergio,0.000514,boy
100239,1980,Erick,0.000502,boy
100240,1980,Noah,0.000501,boy
100241,1980,Howard,0.000498,boy
100242,1980,Francis,0.000497,boy
100243,1980,Tyson,0.000494,boy
100244,1980,Cedric,0.00049,boy
100245,1980,Heath,0.000489,boy
100246,1980,Ivan,0.000489,boy
100247,1980,Leon,0.000488,boy
100248,1980,Alberto,0.000487,boy
100249,1980,Earl,0.000485,boy
100250,1980,Damon,0.000484,boy
100251,1980,Edgar,0.000477,boy
100252,1980,Franklin,0.000472,boy
100253,1980,Alvin,0.000469,boy
100254,1980,Alfred,0.000466,boy
100255,1980,Courtney,0.000465,boy
100256,1980,Clarence,0.000464,boy
100257,1980,Harry,0.000463,boy
100258,1980,Darryl,0.000458,boy
100259,1980,Nicolas,0.000457,boy
100260,1980,Ray,0.000454,boy
100261,1980,Gilbert,0.00045,boy
100262,1980,Marshall,0.000445,boy
100263,1980,Cesar,0.000444,boy
100264,1980,Dylan,0.000443,boy
100265,1980,Alfredo,0.000442,boy
100266,1980,Dean,0.000441,boy
100267,1980,Warren,0.000435,boy
100268,1980,Clifton,0.000433,boy
100269,1980,Julio,0.000428,boy
100270,1980,Enrique,0.000427,boy
100271,1980,Kirk,0.000425,boy
100272,1980,Abraham,0.000421,boy
100273,1980,Bernard,0.000416,boy
100274,1980,Daryl,0.000413,boy
100275,1980,Arturo,0.000413,boy
100276,1980,Preston,0.00041,boy
100277,1980,Roderick,0.000409,boy
100278,1980,Elijah,0.000407,boy
100279,1980,Julian,0.000406,boy
100280,1980,Antoine,0.000404,boy
100281,1980,Ashley,0.000403,boy
100282,1980,Orlando,0.0004,boy
100283,1980,Wade,0.000397,boy
100284,1980,Andres,0.000396,boy
100285,1980,Norman,0.000392,boy
100286,1980,Drew,0.000388,boy
100287,1980,Duane,0.000388,boy
100288,1980,Spencer,0.000387,boy
100289,1980,Vernon,0.000381,boy
100290,1980,Ethan,0.000379,boy
100291,1980,Morgan,0.000379,boy
100292,1980,Leroy,0.000377,boy
100293,1980,Demetrius,0.000375,boy
100294,1980,Lonnie,0.000374,boy
100295,1980,Nelson,0.000371,boy
100296,1980,Brock,0.00037,boy
100297,1980,Nickolas,0.000367,boy
100298,1980,Dallas,0.000367,boy
100299,1980,Rene,0.000364,boy
100300,1980,Israel,0.000357,boy
100301,1980,Bryce,0.000354,boy
100302,1980,Salvador,0.00035,boy
100303,1980,Toby,0.00035,boy
100304,1980,Lewis,0.000349,boy
100305,1980,Ernesto,0.000348,boy
100306,1980,Gerardo,0.000343,boy
100307,1980,Bradford,0.00034,boy
100308,1980,Marcos,0.000339,boy
100309,1980,Fredrick,0.000335,boy
100310,1980,Taylor,0.000332,boy
100311,1980,Bryant,0.00033,boy
100312,1980,Lamar,0.00033,boy
100313,1980,Kelvin,0.00033,boy
100314,1980,Terrell,0.000327,boy
100315,1980,Jody,0.000326,boy
100316,1980,Jayson,0.000325,boy
100317,1980,Angelo,0.000325,boy
100318,1980,Glen,0.000323,boy
100319,1980,Don,0.000323,boy
100320,1980,Rocky,0.000323,boy
100321,1980,Charlie,0.000322,boy
100322,1980,Neal,0.00032,boy
100323,1980,Lorenzo,0.000315,boy
100324,1980,Fred,0.000314,boy
100325,1980,Damian,0.000313,boy
100326,1980,Jamal,0.000313,boy
100327,1980,Trent,0.000313,boy
100328,1980,Rickey,0.000312,boy
100329,1980,Kenny,0.000308,boy
100330,1980,Herbert,0.000307,boy
100331,1980,Jake,0.000304,boy
100332,1980,Rodolfo,0.000303,boy
100333,1980,Lloyd,0.000303,boy
100334,1980,Stuart,0.000302,boy
100335,1980,Greg,0.0003,boy
100336,1980,Donnie,0.000298,boy
100337,1980,Derick,0.000295,boy
100338,1980,Brady,0.000292,boy
100339,1980,Jeff,0.000292,boy
100340,1980,Felix,0.000291,boy
100341,1980,Marlon,0.000291,boy
100342,1980,Allan,0.00029,boy
100343,1980,Eli,0.000289,boy
100344,1980,Gordon,0.000286,boy
100345,1980,Quincy,0.000285,boy
100346,1980,Desmond,0.000285,boy
100347,1980,Ben,0.000279,boy
100348,1980,Darnell,0.000279,boy
100349,1980,Dwight,0.000278,boy
100350,1980,Logan,0.000278,boy
100351,1980,Julius,0.000277,boy
100352,1980,Dana,0.000274,boy
100353,1980,Leslie,0.000274,boy
100354,1980,Rusty,0.000271,boy
100355,1980,Kent,0.000269,boy
100356,1980,Darius,0.000267,boy
100357,1980,Dusty,0.000267,boy
100358,1980,Rudy,0.000267,boy
100359,1980,Pablo,0.000266,boy
100360,1980,Freddie,0.000264,boy
100361,1980,Lamont,0.000262,boy
100362,1980,Jimmie,0.000261,boy
100363,1980,Max,0.00026,boy
100364,1980,Roland,0.000258,boy
100365,1980,Abel,0.000256,boy
100366,1980,Quentin,0.000254,boy
100367,1980,Kendrick,0.000253,boy
100368,1980,Lester,0.000252,boy
100369,1980,Leo,0.000251,boy
100370,1980,Kareem,0.000248,boy
100371,1980,Noel,0.000248,boy
100372,1980,Rolando,0.000248,boy
100373,1980,Tracy,0.000248,boy
100374,1980,Jackie,0.000247,boy
100375,1980,Jamar,0.000246,boy
100376,1980,Josh,0.000246,boy
100377,1980,Darin,0.000245,boy
100378,1980,Simon,0.000245,boy
100379,1980,Gene,0.000244,boy
100380,1980,Alfonso,0.000241,boy
100381,1980,Jamaal,0.000241,boy
100382,1980,Johnnie,0.00024,boy
100383,1980,Perry,0.00024,boy
100384,1980,Scotty,0.00024,boy
100385,1980,Floyd,0.000239,boy
100386,1980,Robin,0.000239,boy
100387,1980,Carlton,0.000239,boy
100388,1980,Graham,0.000239,boy
100389,1980,Rick,0.000239,boy
100390,1980,Dewayne,0.000238,boy
100391,1980,Cornelius,0.000237,boy
100392,1980,Devon,0.000235,boy
100393,1980,Kerry,0.000233,boy
100394,1980,Chadwick,0.000231,boy
100395,1980,Guy,0.000225,boy
100396,1980,Gilberto,0.000224,boy
100397,1980,Felipe,0.000222,boy
100398,1980,Bret,0.000221,boy
100399,1980,Emmanuel,0.000221,boy
100400,1980,Cecil,0.00022,boy
100401,1980,Zachariah,0.000219,boy
100402,1980,Mike,0.000219,boy
100403,1980,Antwan,0.000218,boy
100404,1980,Rogelio,0.000218,boy
100405,1980,Milton,0.000217,boy
100406,1980,Branden,0.000215,boy
100407,1980,Frankie,0.000215,boy
100408,1980,Terence,0.000214,boy
100409,1980,Guillermo,0.000213,boy
100410,1980,Jarrett,0.000213,boy
100411,1980,Jonah,0.000213,boy
100412,1980,Ty,0.000213,boy
100413,1980,Loren,0.000211,boy
100414,1980,Oliver,0.000211,boy
100415,1980,Kurtis,0.000211,boy
100416,1980,Waylon,0.00021,boy
100417,1980,Clyde,0.000209,boy
100418,1980,Gustavo,0.000209,boy
100419,1980,Ismael,0.000208,boy
100420,1980,Dante,0.000207,boy
100421,1980,Elias,0.000207,boy
100422,1980,Johnathon,0.000205,boy
100423,1980,Landon,0.000201,boy
100424,1980,Jarod,0.0002,boy
100425,1980,Kendall,0.0002,boy
100426,1980,Herman,0.000198,boy
100427,1980,Salvatore,0.000197,boy
100428,1980,Sam,0.000197,boy
100429,1980,Alonzo,0.000196,boy
100430,1980,Ted,0.000196,boy
100431,1980,Saul,0.000195,boy
100432,1980,Fabian,0.000195,boy
100433,1980,Collin,0.000194,boy
100434,1980,Jerrod,0.000193,boy
100435,1980,Tomas,0.000193,boy
100436,1980,Isaiah,0.000192,boy
100437,1980,Rory,0.000192,boy
100438,1980,Trenton,0.000192,boy
100439,1980,Sidney,0.00019,boy
100440,1980,Alexis,0.000188,boy
100441,1980,Gavin,0.000188,boy
100442,1980,Moses,0.000188,boy
100443,1980,Owen,0.000188,boy
100444,1980,Chester,0.000188,boy
100445,1980,Clay,0.000188,boy
100446,1980,Nathanael,0.000187,boy
100447,1980,Bryon,0.000186,boy
100448,1980,Robbie,0.000186,boy
100449,1980,Gerard,0.000185,boy
100450,1980,Leonardo,0.000185,boy
100451,1980,Donovan,0.000185,boy
100452,1980,Sammy,0.000185,boy
100453,1980,Emanuel,0.000184,boy
100454,1980,Esteban,0.000184,boy
100455,1980,Jarvis,0.000184,boy
100456,1980,Hugo,0.000183,boy
100457,1980,Jonas,0.000183,boy
100458,1980,Everett,0.000181,boy
100459,1980,Dan,0.00018,boy
100460,1980,Mason,0.00018,boy
100461,1980,Elliott,0.00018,boy
100462,1980,Forrest,0.00018,boy
100463,1980,Josue,0.000177,boy
100464,1980,Nolan,0.000177,boy
100465,1980,Xavier,0.000176,boy
100466,1980,Dane,0.000174,boy
100467,1980,Dominick,0.000173,boy
100468,1980,Sheldon,0.000173,boy
100469,1980,Jarred,0.000172,boy
100470,1980,Rashad,0.000172,boy
100471,1980,Wendell,0.000172,boy
100472,1980,Kory,0.000171,boy
100473,1980,Nick,0.000171,boy
100474,1980,Ramiro,0.000169,boy
100475,1980,Marquis,0.000167,boy
100476,1980,Myron,0.000167,boy
100477,1980,Tanner,0.000167,boy
100478,1980,Garry,0.000167,boy
100479,1980,Randolph,0.000166,boy
100480,1980,Guadalupe,0.000166,boy
100481,1980,Marty,0.000166,boy
100482,1980,Lionel,0.000164,boy
100483,1980,Sherman,0.000164,boy
100484,1980,Gregg,0.000163,boy
100485,1980,Jim,0.000163,boy
100486,1980,Stephan,0.000163,boy
100487,1980,Rex,0.000162,boy
100488,1980,Reynaldo,0.000162,boy
100489,1980,Miles,0.000161,boy
100490,1980,Benny,0.00016,boy
100491,1980,Otis,0.00016,boy
100492,1980,Jerod,0.000159,boy
100493,1980,Ron,0.000159,boy
100494,1980,Reuben,0.000159,boy
100495,1980,Jess,0.000158,boy
100496,1980,Brooks,0.000156,boy
100497,1980,Noe,0.000156,boy
100498,1980,Harvey,0.000153,boy
100499,1980,Moises,0.000153,boy
100500,1980,Wilson,0.000153,boy
100501,1980,Anton,0.000153,boy
100502,1980,Efrain,0.000153,boy
100503,1980,Ira,0.000152,boy
100504,1980,Darrin,0.000152,boy
100505,1980,Harley,0.000152,boy
100506,1980,Pierre,0.000152,boy
100507,1980,Jackson,0.00015,boy
100508,1980,Deon,0.000149,boy
100509,1980,Jamel,0.000149,boy
100510,1980,Aron,0.000148,boy
100511,1980,Arnold,0.000147,boy
100512,1980,Dion,0.000147,boy
100513,1980,Elliot,0.000147,boy
100514,1980,Donnell,0.000146,boy
100515,1980,Erich,0.000146,boy
100516,1980,Humberto,0.000146,boy
100517,1980,Cole,0.000146,boy
100518,1980,Joaquin,0.000146,boy
100519,1980,Will,0.000146,boy
100520,1980,Deandre,0.000145,boy
100521,1980,Edmund,0.000145,boy
100522,1980,Lyle,0.000145,boy
100523,1980,Quinton,0.000145,boy
100524,1980,Blaine,0.000144,boy
100525,1980,Donte,0.000144,boy
100526,1980,Claude,0.000143,boy
100527,1980,Thaddeus,0.000143,boy
100528,1980,Erin,0.000142,boy
100529,1980,Amos,0.000141,boy
100530,1980,Clark,0.000141,boy
100531,1980,Colby,0.000141,boy
100532,1980,Dexter,0.000141,boy
100533,1980,Donny,0.000139,boy
100534,1980,Roman,0.000139,boy
100535,1980,Malcolm,0.000138,boy
100536,1980,Josiah,0.000137,boy
100537,1980,Santiago,0.000136,boy
100538,1980,Earnest,0.000136,boy
100539,1980,Alton,0.000135,boy
100540,1980,Damion,0.000135,boy
100541,1980,Joesph,0.000135,boy
100542,1980,Teddy,0.000135,boy
100543,1980,Ali,0.000133,boy
100544,1980,Bill,0.000133,boy
100545,1980,Stewart,0.000133,boy
100546,1980,Tobias,0.000132,boy
100547,1980,Reggie,0.000131,boy
100548,1980,Sterling,0.00013,boy
100549,1980,Wallace,0.00013,boy
100550,1980,Hunter,0.00013,boy
100551,1980,Robby,0.00013,boy
100552,1980,Ariel,0.000129,boy
100553,1980,Kasey,0.000129,boy
100554,1980,Blair,0.000129,boy
100555,1980,Jeromy,0.000128,boy
100556,1980,Vicente,0.000128,boy
100557,1980,Adan,0.000127,boy
100558,1980,Ignacio,0.000127,boy
100559,1980,Timmy,0.000127,boy
100560,1980,Randal,0.000126,boy
100561,1980,Stefan,0.000126,boy
100562,1980,Ahmad,0.000126,boy
100563,1980,Stacy,0.000126,boy
100564,1980,Tom,0.000126,boy
100565,1980,Bo,0.000125,boy
100566,1980,Avery,0.000125,boy
100567,1980,Jeramy,0.000125,boy
100568,1980,Matt,0.000125,boy
100569,1980,Wyatt,0.000125,boy
100570,1980,Elvis,0.000124,boy
100571,1980,Scottie,0.000124,boy
100572,1980,Hugh,0.000123,boy
100573,1980,Willis,0.000123,boy
100574,1980,Curt,0.000122,boy
100575,1980,Demarcus,0.000121,boy
100576,1980,Santos,0.000119,boy
100577,1980,Kristofer,0.000119,boy
100578,1980,Sonny,0.000119,boy
100579,1980,Pete,0.000118,boy
100580,1980,Zachery,0.000118,boy
100581,1980,Jed,0.000117,boy
100582,1980,Jovan,0.000117,boy
100583,1980,Quinn,0.000117,boy
100584,1980,Korey,0.000117,boy
100585,1980,Rico,0.000117,boy
100586,1980,Freddy,0.000116,boy
100587,1980,Rodrick,0.000116,boy
100588,1980,Bradly,0.000116,boy
100589,1980,Jean,0.000116,boy
100590,1980,Kris,0.000116,boy
100591,1980,Marques,0.000116,boy
100592,1980,Mickey,0.000116,boy
100593,1980,Solomon,0.000116,boy
100594,1980,Bart,0.000114,boy
100595,1980,Conrad,0.000113,boy
100596,1980,Hans,0.000113,boy
100597,1980,Jennifer,0.000113,boy
100598,1980,Reid,0.000113,boy
100599,1980,Rigoberto,0.000113,boy
100600,1980,Leland,0.000112,boy
100601,1980,Bennie,0.000112,boy
100602,1980,Brendon,0.000112,boy
100603,1980,Issac,0.000112,boy
100604,1980,Tristan,0.000112,boy
100605,1980,Chance,0.000111,boy
100606,1980,Jedediah,0.000111,boy
100607,1980,Roosevelt,0.000111,boy
100608,1980,Wilfredo,0.000111,boy
100609,1980,Jeremie,0.000111,boy
100610,1980,Luther,0.000111,boy
100611,1980,Marion,0.00011,boy
100612,1980,Sylvester,0.00011,boy
100613,1980,Emilio,0.00011,boy
100614,1980,Giovanni,0.00011,boy
100615,1980,Weston,0.00011,boy
100616,1980,Darrel,0.000109,boy
100617,1980,Virgil,0.000109,boy
100618,1980,Darrick,0.000108,boy
100619,1980,Conor,0.000107,boy
100620,1980,Reed,0.000106,boy
100621,1980,Rudolph,0.000106,boy
100622,1980,Cedrick,0.000106,boy
100623,1980,Morris,0.000106,boy
100624,1980,Cary,0.000105,boy
100625,1980,Tommie,0.000105,boy
100626,1980,Jeffry,0.000105,boy
100627,1980,Brice,0.000104,boy
100628,1980,Diego,0.000104,boy
100629,1980,Zane,0.000104,boy
100630,1980,Jerald,0.000104,boy
100631,1980,Jerad,0.000103,boy
100632,1980,Nathanial,0.000103,boy
100633,1980,Barrett,0.000102,boy
100634,1980,Brenton,0.000102,boy
100635,1980,Heriberto,0.000101,boy
100636,1980,Maxwell,0.000101,boy
100637,1980,Derik,0.0001,boy
100638,1980,Jedidiah,0.0001,boy
100639,1980,Jamey,9.9e-05,boy
100640,1980,Arron,9.9e-05,boy
100641,1980,Daren,9.8e-05,boy
100642,1980,Jamison,9.8e-05,boy
100643,1980,Keenan,9.8e-05,boy
100644,1980,Jeramie,9.8e-05,boy
100645,1980,Wilbert,9.8e-05,boy
100646,1980,Alvaro,9.7e-05,boy
100647,1980,Benito,9.7e-05,boy
100648,1980,Rodrigo,9.7e-05,boy
100649,1980,Archie,9.6e-05,boy
100650,1980,Brain,9.6e-05,boy
100651,1980,Jeremey,9.6e-05,boy
100652,1980,Marcel,9.6e-05,boy
100653,1980,Aubrey,9.5e-05,boy
100654,1980,Royce,9.5e-05,boy
100655,1980,Jefferson,9.4e-05,boy
100656,1980,Winston,9.4e-05,boy
100657,1980,Brant,9.3e-05,boy
100658,1980,Ervin,9.3e-05,boy
100659,1980,Chase,9.2e-05,boy
100660,1980,Ellis,9.2e-05,boy
100661,1980,Carlo,9.1e-05,boy
100662,1980,Leif,9.1e-05,boy
100663,1980,Lynn,9.1e-05,boy
100664,1980,Carey,9.1e-05,boy
100665,1980,Demond,9.1e-05,boy
100666,1980,Malik,9.1e-05,boy
100667,1980,Mauricio,9.1e-05,boy
100668,1980,Dillon,9e-05,boy
100669,1980,Adolfo,9e-05,boy
100670,1980,Aric,9e-05,boy
100671,1980,Ezra,9e-05,boy
100672,1980,Nigel,9e-05,boy
100673,1980,Tim,9e-05,boy
100674,1980,Vaughn,9e-05,boy
100675,1980,Dorian,8.9e-05,boy
100676,1980,Riley,8.9e-05,boy
100677,1980,Sebastian,8.9e-05,boy
100678,1980,Willard,8.9e-05,boy
100679,1980,Elmer,8.7e-05,boy
100680,1980,Jasper,8.7e-05,boy
100681,1980,Tyree,8.7e-05,boy
100682,1980,Cyrus,8.6e-05,boy
100683,1980,Dave,8.6e-05,boy
100684,1980,Demario,8.6e-05,boy
100685,1980,Deshawn,8.6e-05,boy
100686,1980,Edmond,8.6e-05,boy
100687,1980,Jasen,8.6e-05,boy
100688,1980,Laurence,8.6e-05,boy
100689,1980,Chauncey,8.5e-05,boy
100690,1980,Jamil,8.5e-05,boy
100691,1980,Raphael,8.5e-05,boy
100692,1980,Galen,8.5e-05,boy
100693,1980,Stacey,8.5e-05,boy
100694,1980,Tory,8.5e-05,boy
100695,1980,Agustin,8.4e-05,boy
100696,1980,Carson,8.4e-05,boy
100697,1980,Raheem,8.4e-05,boy
100698,1980,Leonel,8.4e-05,boy
100699,1980,Monte,8.3e-05,boy
100700,1980,Nicholaus,8.3e-05,boy
100701,1980,Dereck,8.3e-05,boy
100702,1980,Hubert,8.3e-05,boy
100703,1980,Jered,8.2e-05,boy
100704,1980,Rhett,8.2e-05,boy
100705,1980,Shayne,8.2e-05,boy
100706,1980,Van,8.2e-05,boy
100707,1980,Josef,8.1e-05,boy
100708,1980,Antwon,8e-05,boy
100709,1980,Rufus,8e-05,boy
100710,1980,Dirk,8e-05,boy
100711,1980,Kristian,8e-05,boy
100712,1980,Mack,8e-05,boy
100713,1980,Rocco,8e-05,boy
100714,1980,Vance,8e-05,boy
100715,1980,Abram,7.9e-05,boy
100716,1980,Ari,7.9e-05,boy
100717,1980,Brannon,7.9e-05,boy
100718,1980,Domingo,7.9e-05,boy
100719,1980,Lane,7.9e-05,boy
100720,1980,Louie,7.9e-05,boy
100721,1980,Seneca,7.9e-05,boy
100722,1980,Andrea,7.9e-05,boy
100723,1980,Antione,7.9e-05,boy
100724,1980,Braden,7.9e-05,boy
100725,1980,Gino,7.9e-05,boy
100726,1980,Grady,7.8e-05,boy
100727,1980,Jacques,7.8e-05,boy
100728,1980,Kristoffer,7.8e-05,boy
100729,1980,Lukas,7.8e-05,boy
100730,1980,Bernardo,7.8e-05,boy
100731,1980,Cortney,7.8e-05,boy
100732,1980,Garret,7.8e-05,boy
100733,1980,Rickie,7.8e-05,boy
100734,1980,Aldo,7.7e-05,boy
100735,1980,Brennan,7.7e-05,boy
100736,1980,Cliff,7.7e-05,boy
100737,1980,Octavio,7.6e-05,boy
100738,1980,Whitney,7.6e-05,boy
100739,1980,Davin,7.6e-05,boy
100740,1980,Buddy,7.5e-05,boy
100741,1980,Cleveland,7.5e-05,boy
100742,1980,Cornell,7.5e-05,boy
100743,1980,Davis,7.5e-05,boy
100744,1980,Denny,7.5e-05,boy
100745,1980,Ken,7.5e-05,boy
100746,1980,Melissa,7.5e-05,boy
100747,1980,Scot,7.5e-05,boy
100748,1980,Delbert,7.4e-05,boy
100749,1980,Gregorio,7.4e-05,boy
100750,1980,Bryson,7.3e-05,boy
100751,1980,Chaz,7.3e-05,boy
100752,1980,Asa,7.3e-05,boy
100753,1980,Harrison,7.3e-05,boy
100754,1980,Judson,7.3e-05,boy
100755,1980,Markus,7.3e-05,boy
100756,1980,Trey,7.3e-05,boy
100757,1980,Dewey,7.2e-05,boy
100758,1980,Shelby,7.2e-05,boy
100759,1980,Tavares,7.2e-05,boy
100760,1980,Zackary,7.2e-05,boy
100761,1980,Elton,7.1e-05,boy
100762,1980,Deangelo,7.1e-05,boy
100763,1980,Federico,7.1e-05,boy
100764,1980,Jamin,7.1e-05,boy
100765,1980,Parker,7.1e-05,boy
100766,1980,Prince,7.1e-05,boy
100767,1980,Rodger,7.1e-05,boy
100768,1980,Amir,7e-05,boy
100769,1980,Dario,7e-05,boy
100770,1980,Hassan,7e-05,boy
100771,1980,Stevie,7e-05,boy
100772,1980,Daron,7e-05,boy
100773,1980,Francesco,6.9e-05,boy
100774,1980,Jereme,6.9e-05,boy
100775,1980,Tyrell,6.9e-05,boy
100776,1980,Alec,6.9e-05,boy
100777,1980,Nikolas,6.9e-05,boy
100778,1980,Yoel,6.9e-05,boy
100779,1980,Mikel,6.8e-05,boy
100780,1980,Edwardo,6.7e-05,boy
100781,1980,Jessica,6.7e-05,boy
100782,1980,Tyron,6.7e-05,boy
100783,1980,Dominique,6.7e-05,boy
100784,1980,Osvaldo,6.7e-05,boy
100785,1980,Percy,6.7e-05,boy
100786,1980,Raymundo,6.7e-05,boy
100787,1980,Denis,6.6e-05,boy
100788,1980,Ernie,6.6e-05,boy
100789,1980,Gonzalo,6.6e-05,boy
100790,1980,Horace,6.6e-05,boy
100791,1980,Broderick,6.6e-05,boy
100792,1980,Deric,6.6e-05,boy
100793,1980,Johnpaul,6.6e-05,boy
100794,1980,Juston,6.6e-05,boy
100795,1980,Kenton,6.6e-05,boy
100796,1980,Titus,6.6e-05,boy
100797,1980,Shelton,6.5e-05,boy
100798,1980,Ulysses,6.5e-05,boy
100799,1980,Bennett,6.5e-05,boy
100800,1980,Junior,6.5e-05,boy
100801,1980,Marlin,6.5e-05,boy
100802,1980,Billie,6.4e-05,boy
100803,1980,Dedrick,6.4e-05,boy
100804,1980,Kaleb,6.4e-05,boy
100805,1980,Russel,6.4e-05,boy
100806,1980,Alphonso,6.4e-05,boy
100807,1980,Bert,6.4e-05,boy
100808,1980,Darwin,6.4e-05,boy
100809,1980,Shad,6.4e-05,boy
100810,1980,Theron,6.4e-05,boy
100811,1980,Ezekiel,6.3e-05,boy
100812,1980,Jaron,6.3e-05,boy
100813,1980,Kip,6.3e-05,boy
100814,1980,Monty,6.3e-05,boy
100815,1980,Quintin,6.3e-05,boy
100816,1980,Antony,6.3e-05,boy
100817,1980,Delvin,6.2e-05,boy
100818,1980,Jerimiah,6.2e-05,boy
100819,1980,Randell,6.2e-05,boy
100820,1980,Errol,6.2e-05,boy
100821,1980,Jan,6.2e-05,boy
100822,1980,Jermey,6.2e-05,boy
100823,1980,Shea,6.2e-05,boy
100824,1980,Silas,6.2e-05,boy
100825,1980,Efren,6.1e-05,boy
100826,1980,Elvin,6.1e-05,boy
100827,1980,Torrey,6.1e-05,boy
100828,1980,Elisha,6e-05,boy
100829,1980,Judd,6e-05,boy
100830,1980,Kim,6e-05,boy
100831,1980,Erwin,6e-05,boy
100832,1980,Jade,6e-05,boy
100833,1980,Jameel,6e-05,boy
100834,1980,Kelley,6e-05,boy
100835,1980,Lavar,6e-05,boy
100836,1980,Liam,6e-05,boy
100837,1980,Myles,6e-05,boy
100838,1980,Vito,6e-05,boy
100839,1980,Coy,5.9e-05,boy
100840,1980,Davon,5.9e-05,boy
100841,1980,Dejuan,5.9e-05,boy
100842,1980,Fidel,5.9e-05,boy
100843,1980,Sedrick,5.9e-05,boy
100844,1980,Al,5.9e-05,boy
100845,1980,Keegan,5.9e-05,boy
100846,1980,Cortez,5.8e-05,boy
100847,1980,Cristian,5.8e-05,boy
100848,1980,Garth,5.8e-05,boy
100849,1980,Lowell,5.8e-05,boy
100850,1980,Paris,5.8e-05,boy
100851,1980,Ramsey,5.8e-05,boy
100852,1980,August,5.8e-05,boy
100853,1980,Bob,5.8e-05,boy
100854,1980,Chadrick,5.8e-05,boy
100855,1980,Chet,5.8e-05,boy
100856,1980,Emmett,5.8e-05,boy
100857,1980,Mohammad,5.8e-05,boy
100858,1980,Adrain,5.7e-05,boy
100859,1980,Augustine,5.7e-05,boy
100860,1980,German,5.7e-05,boy
100861,1980,Homer,5.7e-05,boy
100862,1980,Irvin,5.7e-05,boy
100863,1980,Nestor,5.7e-05,boy
100864,1980,Anson,5.7e-05,boy
100865,1980,Danial,5.7e-05,boy
100866,1980,Franco,5.7e-05,boy
100867,1980,Tremayne,5.7e-05,boy
100868,1980,Garrick,5.6e-05,boy
100869,1980,Kenyatta,5.6e-05,boy
100870,1980,Keon,5.6e-05,boy
100871,1980,Kirby,5.6e-05,boy
100872,1980,Ronny,5.6e-05,boy
100873,1980,Tremaine,5.6e-05,boy
100874,1980,Abdul,5.6e-05,boy
100875,1980,Amit,5.6e-05,boy
100876,1980,Brenden,5.6e-05,boy
100877,1980,Denver,5.6e-05,boy
100878,1980,Donta,5.6e-05,boy
100879,1980,Eddy,5.6e-05,boy
100880,1980,Garland,5.6e-05,boy
100881,1980,Justen,5.6e-05,boy
100882,1980,Moshe,5.6e-05,boy
100883,1980,Tucker,5.6e-05,boy
100884,1980,Andrae,5.5e-05,boy
100885,1980,Forest,5.5e-05,boy
100886,1980,Javon,5.5e-05,boy
100887,1980,Mitchel,5.5e-05,boy
100888,1980,Andreas,5.5e-05,boy
100889,1980,Eliseo,5.5e-05,boy
100890,1980,Jeramiah,5.5e-05,boy
100891,1980,Laron,5.5e-05,boy
100892,1980,Cale,5.4e-05,boy
100893,1980,Carmen,5.4e-05,boy
100894,1980,Jarret,5.4e-05,boy
100895,1980,Michelle,5.4e-05,boy
100896,1980,Tad,5.4e-05,boy
100897,1980,Ezequiel,5.3e-05,boy
100898,1980,Simeon,5.3e-05,boy
100899,1980,Zackery,5.3e-05,boy
100900,1980,Ahmed,5.3e-05,boy
100901,1980,Boyd,5.3e-05,boy
100902,1980,Cullen,5.3e-05,boy
100903,1980,Jayme,5.3e-05,boy
100904,1980,Lars,5.3e-05,boy
100905,1980,Lazaro,5.3e-05,boy
100906,1980,Burton,5.2e-05,boy
100907,1980,Duncan,5.2e-05,boy
100908,1980,Norberto,5.2e-05,boy
100909,1980,Arnulfo,5.2e-05,boy
100910,1980,Kenyon,5.2e-05,boy
100911,1980,Buck,5.1e-05,boy
100912,1980,Levar,5.1e-05,boy
100913,1980,Michel,5.1e-05,boy
100914,1980,Wilbur,5.1e-05,boy
100915,1980,Genaro,5.1e-05,boy
100916,1980,Gerry,5.1e-05,boy
100917,1980,Hank,5.1e-05,boy
100918,1980,Kelsey,5.1e-05,boy
100919,1980,Lenny,5.1e-05,boy
100920,1980,Valentin,5.1e-05,boy
100921,1980,Woodrow,5.1e-05,boy
100922,1980,Lincoln,5e-05,boy
100923,1980,Uriah,5e-05,boy
100924,1980,Chadd,5e-05,boy
100925,1980,Dameon,5e-05,boy
100926,1980,Germaine,5e-05,boy
100927,1980,Isidro,5e-05,boy
100928,1980,Leopoldo,5e-05,boy
100929,1980,Trever,5e-05,boy
100930,1980,Zebulon,5e-05,boy
100931,1980,Brook,4.9e-05,boy
100932,1980,Darian,4.9e-05,boy
100933,1980,Demarco,4.9e-05,boy
100934,1980,Giuseppe,4.9e-05,boy
100935,1980,Jabari,4.9e-05,boy
100936,1980,Jude,4.9e-05,boy
100937,1980,Omari,4.9e-05,boy
100938,1980,Rashawn,4.9e-05,boy
100939,1980,Renaldo,4.9e-05,boy
100940,1980,Sammie,4.9e-05,boy
100941,1980,Cruz,4.9e-05,boy
100942,1980,Edgardo,4.9e-05,boy
100943,1980,Eloy,4.9e-05,boy
100944,1980,Garett,4.9e-05,boy
100945,1980,Irving,4.9e-05,boy
100946,1980,Jace,4.9e-05,boy
100947,1980,Jarad,4.9e-05,boy
100948,1980,Jermain,4.9e-05,boy
100949,1980,Jessy,4.9e-05,boy
100950,1980,Nicky,4.9e-05,boy
100951,1980,Bobbie,4.8e-05,boy
100952,1980,Emil,4.8e-05,boy
100953,1980,Kraig,4.8e-05,boy
100954,1980,Rasheed,4.8e-05,boy
100955,1980,Barton,4.8e-05,boy
100956,1980,Bjorn,4.8e-05,boy
100957,1980,Brandan,4.8e-05,boy
100958,1980,Carter,4.8e-05,boy
100959,1980,Kody,4.8e-05,boy
100960,1980,Lindsey,4.8e-05,boy
100961,1980,Greggory,4.7e-05,boy
100962,1980,Samir,4.7e-05,boy
100963,1980,Samson,4.7e-05,boy
100964,1980,Shay,4.7e-05,boy
100965,1980,Amanda,4.6e-05,boy
100966,1980,Britton,4.6e-05,boy
100967,1980,Brody,4.6e-05,boy
100968,1980,Cristopher,4.6e-05,boy
100969,1980,Elbert,4.6e-05,boy
100970,1980,Nicole,4.6e-05,boy
100971,1980,Rustin,4.6e-05,boy
100972,1980,Bronson,4.6e-05,boy
100973,1980,Deshaun,4.6e-05,boy
100974,1980,Doyle,4.6e-05,boy
100975,1980,Harlan,4.6e-05,boy
100976,1980,Keven,4.6e-05,boy
100977,1980,Marcelino,4.6e-05,boy
100978,1980,Torrance,4.6e-05,boy
100979,1980,Vince,4.6e-05,boy
100980,1980,Coby,4.5e-05,boy
100981,1980,Constantine,4.5e-05,boy
100982,1980,Estevan,4.5e-05,boy
100983,1980,Hiram,4.5e-05,boy
100984,1980,Lashawn,4.5e-05,boy
100985,1980,Sarah,4.5e-05,boy
100986,1980,Trinity,4.5e-05,boy
100987,1980,Westley,4.5e-05,boy
100988,1980,Antwain,4.5e-05,boy
100989,1980,Dustan,4.5e-05,boy
100990,1980,Gideon,4.5e-05,boy
100991,1980,Jerrell,4.5e-05,boy
100992,1980,Kai,4.5e-05,boy
100993,1980,Cordell,4.4e-05,boy
100994,1980,Cristobal,4.4e-05,boy
100995,1980,Horacio,4.4e-05,boy
100996,1980,Isaias,4.4e-05,boy
100997,1980,Kimberly,4.4e-05,boy
100998,1980,Muhammad,4.4e-05,boy
100999,1980,Nathen,4.4e-05,boy
101000,1981,Michael,0.036931,boy
101001,1981,Christopher,0.027037,boy
101002,1981,Matthew,0.023272,boy
101003,1981,Jason,0.02252,boy
101004,1981,David,0.021825,boy
101005,1981,Joshua,0.02098,boy
101006,1981,James,0.020575,boy
101007,1981,John,0.018739,boy
101008,1981,Robert,0.018484,boy
101009,1981,Daniel,0.016651,boy
101010,1981,Joseph,0.01653,boy
101011,1981,Justin,0.014676,boy
101012,1981,Ryan,0.014409,boy
101013,1981,Brian,0.014286,boy
101014,1981,William,0.013318,boy
101015,1981,Jonathan,0.01213,boy
101016,1981,Eric,0.011129,boy
101017,1981,Andrew,0.010868,boy
101018,1981,Brandon,0.010858,boy
101019,1981,Adam,0.010765,boy
101020,1981,Nicholas,0.010629,boy
101021,1981,Jeremy,0.010265,boy
101022,1981,Anthony,0.009979,boy
101023,1981,Timothy,0.00979,boy
101024,1981,Kevin,0.00938,boy
101025,1981,Thomas,0.009213,boy
101026,1981,Richard,0.009055,boy
101027,1981,Steven,0.008857,boy
101028,1981,Jeffrey,0.008562,boy
101029,1981,Aaron,0.007891,boy
101030,1981,Charles,0.007749,boy
101031,1981,Benjamin,0.007709,boy
101032,1981,Mark,0.00728,boy
101033,1981,Scott,0.006829,boy
101034,1981,Paul,0.006325,boy
101035,1981,Nathan,0.006047,boy
101036,1981,Jesse,0.00561,boy
101037,1981,Patrick,0.005575,boy
101038,1981,Stephen,0.005534,boy
101039,1981,Travis,0.005435,boy
101040,1981,Kenneth,0.005095,boy
101041,1981,Dustin,0.005023,boy
101042,1981,Jacob,0.005018,boy
101043,1981,Sean,0.004775,boy
101044,1981,Jose,0.004709,boy
101045,1981,Gregory,0.004704,boy
101046,1981,Chad,0.004516,boy
101047,1981,Bryan,0.003877,boy
101048,1981,Shawn,0.003804,boy
101049,1981,Bradley,0.003706,boy
101050,1981,Edward,0.003575,boy
101051,1981,Kyle,0.003528,boy
101052,1981,Derek,0.003481,boy
101053,1981,Samuel,0.00324,boy
101054,1981,Peter,0.003215,boy
101055,1981,Donald,0.003175,boy
101056,1981,Jared,0.003152,boy
101057,1981,Keith,0.003022,boy
101058,1981,Ronald,0.002974,boy
101059,1981,Juan,0.002948,boy
101060,1981,George,0.002771,boy
101061,1981,Gary,0.002657,boy
101062,1981,Zachary,0.002598,boy
101063,1981,Douglas,0.002571,boy
101064,1981,Joel,0.002443,boy
101065,1981,Phillip,0.002438,boy
101066,1981,Marcus,0.002421,boy
101067,1981,Raymond,0.002348,boy
101068,1981,Corey,0.00228,boy
101069,1981,Alexander,0.002268,boy
101070,1981,Carlos,0.002244,boy
101071,1981,Craig,0.002199,boy
101072,1981,Todd,0.002125,boy
101073,1981,Larry,0.002122,boy
101074,1981,Antonio,0.002107,boy
101075,1981,Erik,0.002106,boy
101076,1981,Jeremiah,0.002094,boy
101077,1981,Derrick,0.00207,boy
101078,1981,Brett,0.002027,boy
101079,1981,Nathaniel,0.001997,boy
101080,1981,Shane,0.001994,boy
101081,1981,Dennis,0.001953,boy
101082,1981,Frank,0.001952,boy
101083,1981,Philip,0.001923,boy
101084,1981,Casey,0.001886,boy
101085,1981,Shaun,0.001818,boy
101086,1981,Lucas,0.001814,boy
101087,1981,Gabriel,0.001813,boy
101088,1981,Brent,0.001812,boy
101089,1981,Cory,0.001802,boy
101090,1981,Luis,0.001794,boy
101091,1981,Randy,0.001794,boy
101092,1981,Jeffery,0.001792,boy
101093,1981,Curtis,0.001717,boy
101094,1981,Seth,0.001684,boy
101095,1981,Tyler,0.001675,boy
101096,1981,Jerry,0.001642,boy
101097,1981,Russell,0.001637,boy
101098,1981,Wesley,0.001634,boy
101099,1981,Luke,0.001623,boy
101100,1981,Jordan,0.00157,boy
101101,1981,Ian,0.00157,boy
101102,1981,Billy,0.00155,boy
101103,1981,Victor,0.001527,boy
101104,1981,Terry,0.001514,boy
101105,1981,Carl,0.001499,boy
101106,1981,Vincent,0.001485,boy
101107,1981,Jesus,0.00148,boy
101108,1981,Mario,0.001458,boy
101109,1981,Bobby,0.001428,boy
101110,1981,Tony,0.00142,boy
101111,1981,Alan,0.001389,boy
101112,1981,Johnny,0.001373,boy
101113,1981,Troy,0.00135,boy
101114,1981,Adrian,0.001323,boy
101115,1981,Miguel,0.001283,boy
101116,1981,Ricardo,0.001271,boy
101117,1981,Jamie,0.001266,boy
101118,1981,Cody,0.001252,boy
101119,1981,Roger,0.001207,boy
101120,1981,Christian,0.001198,boy
101121,1981,Ricky,0.001193,boy
101122,1981,Lee,0.001188,boy
101123,1981,Clinton,0.001186,boy
101124,1981,Lawrence,0.001178,boy
101125,1981,Henry,0.001175,boy
101126,1981,Martin,0.001152,boy
101127,1981,Jorge,0.001127,boy
101128,1981,Danny,0.001125,boy
101129,1981,Jimmy,0.001125,boy
101130,1981,Allen,0.001106,boy
101131,1981,Andre,0.001104,boy
101132,1981,Jon,0.001104,boy
101133,1981,Marc,0.001097,boy
101134,1981,Rodney,0.001089,boy
101135,1981,Micheal,0.001087,boy
101136,1981,Randall,0.00108,boy
101137,1981,Walter,0.001069,boy
101138,1981,Evan,0.001059,boy
101139,1981,Willie,0.001058,boy
101140,1981,Mitchell,0.001056,boy
101141,1981,Brad,0.001051,boy
101142,1981,Francisco,0.001051,boy
101143,1981,Manuel,0.001051,boy
101144,1981,Albert,0.001043,boy
101145,1981,Kristopher,0.00104,boy
101146,1981,Roberto,0.001035,boy
101147,1981,Alex,0.001003,boy
101148,1981,Joe,0.001,boy
101149,1981,Isaac,0.000985,boy
101150,1981,Louis,0.000968,boy
101151,1981,Arthur,0.000967,boy
101152,1981,Jay,0.000957,boy
101153,1981,Gerald,0.000948,boy
101154,1981,Trevor,0.000942,boy
101155,1981,Wayne,0.00094,boy
101156,1981,Roy,0.000928,boy
101157,1981,Johnathan,0.000919,boy
101158,1981,Blake,0.000911,boy
101159,1981,Lance,0.000906,boy
101160,1981,Jermaine,0.000903,boy
101161,1981,Maurice,0.000885,boy
101162,1981,Jonathon,0.000883,boy
101163,1981,Bruce,0.000875,boy
101164,1981,Mathew,0.000874,boy
101165,1981,Jack,0.000864,boy
101166,1981,Garrett,0.000806,boy
101167,1981,Alejandro,0.000796,boy
101168,1981,Ruben,0.000792,boy
101169,1981,Frederick,0.00079,boy
101170,1981,Oscar,0.000784,boy
101171,1981,Calvin,0.000783,boy
101172,1981,Austin,0.000779,boy
101173,1981,Omar,0.000768,boy
101174,1981,Caleb,0.000767,boy
101175,1981,Darren,0.000766,boy
101176,1981,Jaime,0.000757,boy
101177,1981,Reginald,0.000757,boy
101178,1981,Hector,0.000756,boy
101179,1981,Noah,0.00075,boy
101180,1981,Ronnie,0.000735,boy
101181,1981,Jerome,0.000734,boy
101182,1981,Levi,0.000732,boy
101183,1981,Darrell,0.00073,boy
101184,1981,Clayton,0.000723,boy
101185,1981,Barry,0.000722,boy
101186,1981,Edwin,0.000715,boy
101187,1981,Neil,0.000715,boy
101188,1981,Cameron,0.000712,boy
101189,1981,Raul,0.000709,boy
101190,1981,Eddie,0.000707,boy
101191,1981,Ernest,0.000702,boy
101192,1981,Javier,0.000701,boy
101193,1981,Angel,0.000698,boy
101194,1981,Terrance,0.000683,boy
101195,1981,Dale,0.000673,boy
101196,1981,Jessie,0.000673,boy
101197,1981,Geoffrey,0.000667,boy
101198,1981,Ross,0.000667,boy
101199,1981,Fernando,0.000667,boy
101200,1981,Pedro,0.000659,boy
101201,1981,Sergio,0.000658,boy
101202,1981,Colin,0.000657,boy
101203,1981,Rafael,0.000652,boy
101204,1981,Tommy,0.000652,boy
101205,1981,Tyrone,0.000651,boy
101206,1981,Shannon,0.000647,boy
101207,1981,Leonard,0.000641,boy
101208,1981,Kelly,0.000636,boy
101209,1981,Clifford,0.000634,boy
101210,1981,Eugene,0.00063,boy
101211,1981,Marvin,0.000628,boy
101212,1981,Micah,0.000626,boy
101213,1981,Kurt,0.000623,boy
101214,1981,Brendan,0.000622,boy
101215,1981,Clint,0.000614,boy
101216,1981,Ramon,0.000611,boy
101217,1981,Theodore,0.000609,boy
101218,1981,Armando,0.000604,boy
101219,1981,Glenn,0.000595,boy
101220,1981,Steve,0.000595,boy
101221,1981,Harold,0.00059,boy
101222,1981,Grant,0.000588,boy
101223,1981,Terrence,0.000578,boy
101224,1981,Joey,0.000574,boy
101225,1981,Karl,0.00057,boy
101226,1981,Melvin,0.000565,boy
101227,1981,Damien,0.000557,boy
101228,1981,Beau,0.000552,boy
101229,1981,Stanley,0.000545,boy
101230,1981,Dominic,0.000544,boy
101231,1981,Dwayne,0.000542,boy
101232,1981,Jarrod,0.00054,boy
101233,1981,Ivan,0.000537,boy
101234,1981,Byron,0.000534,boy
101235,1981,Francis,0.000522,boy
101236,1981,Andy,0.000521,boy
101237,1981,Eduardo,0.000505,boy
101238,1981,Darryl,0.000503,boy
101239,1981,Edgar,0.000502,boy
101240,1981,Alberto,0.000501,boy
101241,1981,Cesar,0.00049,boy
101242,1981,Cedric,0.000489,boy
101243,1981,Drew,0.000489,boy
101244,1981,Tyson,0.000485,boy
101245,1981,Ralph,0.000482,boy
101246,1981,Marco,0.000481,boy
101247,1981,Nicolas,0.000481,boy
101248,1981,Julio,0.000474,boy
101249,1981,Erick,0.000469,boy
101250,1981,Devin,0.000468,boy
101251,1981,Leon,0.000467,boy
101252,1981,Julian,0.000466,boy
101253,1981,Earl,0.000464,boy
101254,1981,Howard,0.000459,boy
101255,1981,Ray,0.000459,boy
101256,1981,Clarence,0.000455,boy
101257,1981,Harry,0.000448,boy
101258,1981,Chris,0.000444,boy
101259,1981,Marshall,0.000443,boy
101260,1981,Spencer,0.000443,boy
101261,1981,Arturo,0.000441,boy
101262,1981,Warren,0.000441,boy
101263,1981,Gilbert,0.00044,boy
101264,1981,Franklin,0.000438,boy
101265,1981,Alfred,0.000437,boy
101266,1981,Abraham,0.000437,boy
101267,1981,Alfredo,0.000436,boy
101268,1981,Andres,0.000435,boy
101269,1981,Alvin,0.000431,boy
101270,1981,Heath,0.000425,boy
101271,1981,Clifton,0.000423,boy
101272,1981,Taylor,0.000417,boy
101273,1981,Daryl,0.000413,boy
101274,1981,Morgan,0.000412,boy
101275,1981,Elijah,0.000403,boy
101276,1981,Dean,0.000401,boy
101277,1981,Roderick,0.0004,boy
101278,1981,Preston,0.000399,boy
101279,1981,Courtney,0.000395,boy
101280,1981,Enrique,0.000395,boy
101281,1981,Dylan,0.000389,boy
101282,1981,Ethan,0.000389,boy
101283,1981,Orlando,0.000387,boy
101284,1981,Kirk,0.000386,boy
101285,1981,Demetrius,0.000385,boy
101286,1981,Antoine,0.000383,boy
101287,1981,Bernard,0.000375,boy
101288,1981,Gerardo,0.000374,boy
101289,1981,Ernesto,0.000372,boy
101290,1981,Logan,0.000372,boy
101291,1981,Damon,0.000368,boy
101292,1981,Norman,0.000367,boy
101293,1981,Ashley,0.000363,boy
101294,1981,Salvador,0.000362,boy
101295,1981,Bryce,0.000357,boy
101296,1981,Rene,0.000357,boy
101297,1981,Don,0.000351,boy
101298,1981,Kelvin,0.000348,boy
101299,1981,Wade,0.000347,boy
101300,1981,Lonnie,0.000344,boy
101301,1981,Nelson,0.000343,boy
101302,1981,Kenny,0.00034,boy
101303,1981,Marcos,0.000338,boy
101304,1981,Vernon,0.000337,boy
101305,1981,Leroy,0.000333,boy
101306,1981,Lorenzo,0.000332,boy
101307,1981,Nickolas,0.000331,boy
101308,1981,Charlie,0.000331,boy
101309,1981,Duane,0.000329,boy
101310,1981,Glen,0.000327,boy
101311,1981,Lewis,0.000327,boy
101312,1981,Rodolfo,0.000327,boy
101313,1981,Emmanuel,0.000326,boy
101314,1981,Bryant,0.000324,boy
101315,1981,Dusty,0.000323,boy
101316,1981,Bradford,0.000322,boy
101317,1981,Terrell,0.000322,boy
101318,1981,Branden,0.000321,boy
101319,1981,Stuart,0.00032,boy
101320,1981,Fredrick,0.00032,boy
101321,1981,Neal,0.00032,boy
101322,1981,Israel,0.000319,boy
101323,1981,Jake,0.000317,boy
101324,1981,Rocky,0.000317,boy
101325,1981,Dallas,0.000315,boy
101326,1981,Lamar,0.000315,boy
101327,1981,Fred,0.000313,boy
101328,1981,Angelo,0.000312,boy
101329,1981,Rickey,0.000312,boy
101330,1981,Trent,0.000305,boy
101331,1981,Brady,0.0003,boy
101332,1981,Lloyd,0.0003,boy
101333,1981,Felix,0.000297,boy
101334,1981,Allan,0.000297,boy
101335,1981,Herbert,0.000296,boy
101336,1981,Jayson,0.000295,boy
101337,1981,Eli,0.000294,boy
101338,1981,Dana,0.000291,boy
101339,1981,Pablo,0.000288,boy
101340,1981,Leo,0.000286,boy
101341,1981,Bret,0.000285,boy
101342,1981,Jamal,0.000281,boy
101343,1981,Ben,0.00028,boy
101344,1981,Rudy,0.000279,boy
101345,1981,Damian,0.000277,boy
101346,1981,Dwight,0.000277,boy
101347,1981,Gordon,0.000277,boy
101348,1981,Julius,0.000274,boy
101349,1981,Gustavo,0.000272,boy
101350,1981,Max,0.00027,boy
101351,1981,Leslie,0.000268,boy
101352,1981,Johnathon,0.000268,boy
101353,1981,Kent,0.000268,boy
101354,1981,Rusty,0.000268,boy
101355,1981,Jody,0.000265,boy
101356,1981,Gavin,0.000265,boy
101357,1981,Landon,0.000265,boy
101358,1981,Darnell,0.000264,boy
101359,1981,Derick,0.000262,boy
101360,1981,Brock,0.000261,boy
101361,1981,Jarrett,0.000261,boy
101362,1981,Darius,0.00026,boy
101363,1981,Jamar,0.000258,boy
101364,1981,Abel,0.000257,boy
101365,1981,Donnie,0.000257,boy
101366,1981,Greg,0.000256,boy
101367,1981,Freddie,0.000254,boy
101368,1981,Johnnie,0.000254,boy
101369,1981,Noel,0.000254,boy
101370,1981,Kendrick,0.000253,boy
101371,1981,Perry,0.000253,boy
101372,1981,Felipe,0.000253,boy
101373,1981,Simon,0.000247,boy
101374,1981,Alfonso,0.000246,boy
101375,1981,Toby,0.000246,boy
101376,1981,Darin,0.000245,boy
101377,1981,Roland,0.000245,boy
101378,1981,Robin,0.000244,boy
101379,1981,Cornelius,0.000244,boy
101380,1981,Rick,0.000243,boy
101381,1981,Graham,0.000239,boy
101382,1981,Gilberto,0.000239,boy
101383,1981,Rolando,0.000239,boy
101384,1981,Quincy,0.000236,boy
101385,1981,Lester,0.000235,boy
101386,1981,Quentin,0.000235,boy
101387,1981,Emanuel,0.000233,boy
101388,1981,Floyd,0.000233,boy
101389,1981,Jeff,0.000233,boy
101390,1981,Marlon,0.00023,boy
101391,1981,Guillermo,0.00023,boy
101392,1981,Hugo,0.000229,boy
101393,1981,Dante,0.000229,boy
101394,1981,Rory,0.000229,boy
101395,1981,Scotty,0.000226,boy
101396,1981,Isaiah,0.000226,boy
101397,1981,Kerry,0.000224,boy
101398,1981,Gene,0.000224,boy
101399,1981,Jackie,0.000221,boy
101400,1981,Terence,0.000221,boy
101401,1981,Mike,0.00022,boy
101402,1981,Rogelio,0.00022,boy
101403,1981,Saul,0.00022,boy
101404,1981,Alexis,0.000218,boy
101405,1981,Tracy,0.000218,boy
101406,1981,Guy,0.000217,boy
101407,1981,Ismael,0.000217,boy
101408,1981,Jarvis,0.000216,boy
101409,1981,Lamont,0.000216,boy
101410,1981,Milton,0.000216,boy
101411,1981,Oliver,0.000216,boy
101412,1981,Fabian,0.000215,boy
101413,1981,Jimmie,0.000215,boy
101414,1981,Ty,0.000215,boy
101415,1981,Tristan,0.000212,boy
101416,1981,Nolan,0.000211,boy
101417,1981,Chadwick,0.000211,boy
101418,1981,Elias,0.000211,boy
101419,1981,Carlton,0.00021,boy
101420,1981,Brooks,0.00021,boy
101421,1981,Kurtis,0.00021,boy
101422,1981,Desmond,0.000208,boy
101423,1981,Devon,0.000206,boy
101424,1981,Jonah,0.000206,boy
101425,1981,Zachariah,0.000206,boy
101426,1981,Sam,0.000205,boy
101427,1981,Jamaal,0.000205,boy
101428,1981,Loren,0.000205,boy
101429,1981,Dewayne,0.000203,boy
101430,1981,Owen,0.000202,boy
101431,1981,Frankie,0.000199,boy
101432,1981,Ramiro,0.000197,boy
101433,1981,Kendall,0.000196,boy
101434,1981,Dan,0.000194,boy
101435,1981,Moses,0.000193,boy
101436,1981,Collin,0.000193,boy
101437,1981,Antwan,0.000191,boy
101438,1981,Esteban,0.00019,boy
101439,1981,Jarod,0.00019,boy
101440,1981,Chester,0.000188,boy
101441,1981,Randolph,0.000186,boy
101442,1981,Robbie,0.000186,boy
101443,1981,Clyde,0.000185,boy
101444,1981,Josh,0.000185,boy
101445,1981,Josue,0.000185,boy
101446,1981,Xavier,0.000185,boy
101447,1981,Everett,0.000184,boy
101448,1981,Ted,0.000182,boy
101449,1981,Marquis,0.000181,boy
101450,1981,Sidney,0.000181,boy
101451,1981,Trenton,0.000181,boy
101452,1981,Dane,0.00018,boy
101453,1981,Salvatore,0.000179,boy
101454,1981,Clay,0.000179,boy
101455,1981,Tomas,0.000179,boy
101456,1981,Herman,0.000177,boy
101457,1981,Jonas,0.000176,boy
101458,1981,Dominick,0.000175,boy
101459,1981,Rashad,0.000175,boy
101460,1981,Jerrod,0.000174,boy
101461,1981,Nathanael,0.000174,boy
101462,1981,Sheldon,0.000174,boy
101463,1981,Cecil,0.000172,boy
101464,1981,Kory,0.000172,boy
101465,1981,Jim,0.000171,boy
101466,1981,Gerard,0.00017,boy
101467,1981,Kareem,0.000169,boy
101468,1981,Efrain,0.000168,boy
101469,1981,Forrest,0.000168,boy
101470,1981,Garry,0.000167,boy
101471,1981,Alonzo,0.000167,boy
101472,1981,Moises,0.000167,boy
101473,1981,Mason,0.000166,boy
101474,1981,Myron,0.000165,boy
101475,1981,Quinton,0.000164,boy
101476,1981,Guadalupe,0.000163,boy
101477,1981,Blaine,0.000163,boy
101478,1981,Stephan,0.000163,boy
101479,1981,Waylon,0.000163,boy
101480,1981,Aron,0.000162,boy
101481,1981,Miles,0.000161,boy
101482,1981,Cole,0.00016,boy
101483,1981,Pierre,0.00016,boy
101484,1981,Wendell,0.000159,boy
101485,1981,Elliott,0.000158,boy
101486,1981,Jackson,0.000157,boy
101487,1981,Nick,0.000157,boy
101488,1981,Benny,0.000156,boy
101489,1981,Donte,0.000156,boy
101490,1981,Gregg,0.000156,boy
101491,1981,Leonardo,0.000155,boy
101492,1981,Lionel,0.000155,boy
101493,1981,Donovan,0.000155,boy
101494,1981,Roman,0.000154,boy
101495,1981,Harvey,0.000153,boy
101496,1981,Jarred,0.000152,boy
101497,1981,Jerod,0.000152,boy
101498,1981,Josiah,0.000152,boy
101499,1981,Sherman,0.000152,boy
101500,1981,Blair,0.000151,boy
101501,1981,Darrin,0.000151,boy
101502,1981,Santiago,0.000151,boy
101503,1981,Tanner,0.000149,boy
101504,1981,Jess,0.000149,boy
101505,1981,Barrett,0.000148,boy
101506,1981,Ira,0.000148,boy
101507,1981,Randal,0.000148,boy
101508,1981,Reuben,0.000148,boy
101509,1981,Malcolm,0.000147,boy
101510,1981,Bryon,0.000146,boy
101511,1981,Marques,0.000146,boy
101512,1981,Amos,0.000145,boy
101513,1981,Kasey,0.000144,boy
101514,1981,Otis,0.000144,boy
101515,1981,Elliot,0.000144,boy
101516,1981,Rex,0.000144,boy
101517,1981,Noe,0.000143,boy
101518,1981,Hunter,0.000142,boy
101519,1981,Sammy,0.000141,boy
101520,1981,Clark,0.00014,boy
101521,1981,Arnold,0.00014,boy
101522,1981,Dion,0.00014,boy
101523,1981,Donnell,0.00014,boy
101524,1981,Wilson,0.000139,boy
101525,1981,Dexter,0.000138,boy
101526,1981,Joesph,0.000138,boy
101527,1981,Reynaldo,0.000136,boy
101528,1981,Adan,0.000135,boy
101529,1981,Edmund,0.000134,boy
101530,1981,Vicente,0.000134,boy
101531,1981,Stewart,0.000133,boy
101532,1981,Deandre,0.000132,boy
101533,1981,Lyle,0.000132,boy
101534,1981,Harley,0.000131,boy
101535,1981,Reid,0.000131,boy
101536,1981,Erin,0.00013,boy
101537,1981,Ahmad,0.00013,boy
101538,1981,Reggie,0.00013,boy
101539,1981,Teddy,0.00013,boy
101540,1981,Tom,0.00013,boy
101541,1981,Alton,0.000129,boy
101542,1981,Marty,0.000129,boy
101543,1981,Thaddeus,0.000129,boy
101544,1981,Ron,0.000129,boy
101545,1981,Colby,0.000128,boy
101546,1981,Jamel,0.000128,boy
101547,1981,Giovanni,0.000127,boy
101548,1981,Jean,0.000127,boy
101549,1981,Ariel,0.000127,boy
101550,1981,Bo,0.000127,boy
101551,1981,Ignacio,0.000127,boy
101552,1981,Earnest,0.000126,boy
101553,1981,Pete,0.000126,boy
101554,1981,Anton,0.000126,boy
101555,1981,Avery,0.000126,boy
101556,1981,Emilio,0.000126,boy
101557,1981,Ali,0.000125,boy
101558,1981,Claude,0.000125,boy
101559,1981,Sonny,0.000125,boy
101560,1981,Will,0.000125,boy
101561,1981,Bill,0.000124,boy
101562,1981,Donny,0.000124,boy
101563,1981,Luther,0.000124,boy
101564,1981,Kristofer,0.000123,boy
101565,1981,Jed,0.000122,boy
101566,1981,Stefan,0.000122,boy
101567,1981,Jovan,0.000122,boy
101568,1981,Santos,0.000122,boy
101569,1981,Weston,0.000122,boy
101570,1981,Wallace,0.00012,boy
101571,1981,Wyatt,0.00012,boy
101572,1981,Hans,0.000119,boy
101573,1981,Damion,0.000119,boy
101574,1981,Virgil,0.000119,boy
101575,1981,Morris,0.000118,boy
101576,1981,Zachery,0.000118,boy
101577,1981,Brendon,0.000118,boy
101578,1981,Humberto,0.000117,boy
101579,1981,Joaquin,0.000117,boy
101580,1981,Sterling,0.000117,boy
101581,1981,Rigoberto,0.000116,boy
101582,1981,Freddy,0.000115,boy
101583,1981,Sylvester,0.000115,boy
101584,1981,Robby,0.000114,boy
101585,1981,Demarcus,0.000113,boy
101586,1981,Erich,0.000113,boy
101587,1981,Leland,0.000113,boy
101588,1981,Mickey,0.000113,boy
101589,1981,Bennie,0.000112,boy
101590,1981,Deon,0.000112,boy
101591,1981,Hugh,0.000112,boy
101592,1981,Diego,0.000112,boy
101593,1981,Elvis,0.000112,boy
101594,1981,Zane,0.000112,boy
101595,1981,Maxwell,0.000111,boy
101596,1981,Conor,0.000111,boy
101597,1981,Alvaro,0.00011,boy
101598,1981,Tobias,0.00011,boy
101599,1981,Bradly,0.00011,boy
101600,1981,Jerald,0.000109,boy
101601,1981,Tyrell,0.000108,boy
101602,1981,Brant,0.000108,boy
101603,1981,Curt,0.000108,boy
101604,1981,Rodrigo,0.000108,boy
101605,1981,Solomon,0.000108,boy
101606,1981,Willis,0.000107,boy
101607,1981,Issac,0.000106,boy
101608,1981,Chase,0.000105,boy
101609,1981,Matt,0.000105,boy
101610,1981,Reed,0.000105,boy
101611,1981,Jeramy,0.000104,boy
101612,1981,Jerad,0.000104,boy
101613,1981,Jasper,0.000103,boy
101614,1981,Jennifer,0.000103,boy
101615,1981,Kellen,0.000103,boy
101616,1981,Aubrey,0.000103,boy
101617,1981,Scottie,0.000103,boy
101618,1981,Chance,0.000102,boy
101619,1981,Royce,0.000102,boy
101620,1981,Darrel,0.000101,boy
101621,1981,Mauricio,0.000101,boy
101622,1981,Nigel,0.000101,boy
101623,1981,Quinn,0.000101,boy
101624,1981,Arron,0.000101,boy
101625,1981,Brenton,0.000101,boy
101626,1981,Ezra,0.000101,boy
101627,1981,Marion,0.000101,boy
101628,1981,Cary,0.0001,boy
101629,1981,Conrad,9.9e-05,boy
101630,1981,Jeremie,9.9e-05,boy
101631,1981,Tyrel,9.7e-05,boy
101632,1981,Jefferson,9.7e-05,boy
101633,1981,Jamison,9.6e-05,boy
101634,1981,Riley,9.6e-05,boy
101635,1981,Winston,9.6e-05,boy
101636,1981,Ervin,9.6e-05,boy
101637,1981,Nathanial,9.6e-05,boy
101638,1981,Adolfo,9.5e-05,boy
101639,1981,Marcel,9.5e-05,boy
101640,1981,Lane,9.4e-05,boy
101641,1981,Skyler,9.4e-05,boy
101642,1981,Bart,9.4e-05,boy
101643,1981,Cedrick,9.4e-05,boy
101644,1981,Chauncey,9.4e-05,boy
101645,1981,Korey,9.4e-05,boy
101646,1981,Tommie,9.4e-05,boy
101647,1981,Heriberto,9.3e-05,boy
101648,1981,Carlo,9.2e-05,boy
101649,1981,Jedidiah,9.2e-05,boy
101650,1981,Jeromy,9.2e-05,boy
101651,1981,Leonel,9.2e-05,boy
101652,1981,Rodrick,9.2e-05,boy
101653,1981,Sebastian,9.2e-05,boy
101654,1981,Cyrus,9.2e-05,boy
101655,1981,Jamey,9.2e-05,boy
101656,1981,Lynn,9.2e-05,boy
101657,1981,Octavio,9.2e-05,boy
101658,1981,Dave,9.1e-05,boy
101659,1981,Jeffry,9.1e-05,boy
101660,1981,Rudolph,9.1e-05,boy
101661,1981,Brice,9e-05,boy
101662,1981,Nicholaus,9e-05,boy
101663,1981,Benito,9e-05,boy
101664,1981,Dario,9e-05,boy
101665,1981,Laurence,9e-05,boy
101666,1981,Raphael,9e-05,boy
101667,1981,Stacy,9e-05,boy
101668,1981,Timmy,9e-05,boy
101669,1981,Dorian,8.9e-05,boy
101670,1981,Jessica,8.9e-05,boy
101671,1981,Keenan,8.9e-05,boy
101672,1981,Kristoffer,8.9e-05,boy
101673,1981,Archie,8.8e-05,boy
101674,1981,Carey,8.8e-05,boy
101675,1981,Roosevelt,8.8e-05,boy
101676,1981,Derik,8.8e-05,boy
101677,1981,Lukas,8.8e-05,boy
101678,1981,Scot,8.8e-05,boy
101679,1981,Brain,8.7e-05,boy
101680,1981,Carson,8.7e-05,boy
101681,1981,Davis,8.6e-05,boy
101682,1981,Tim,8.6e-05,boy
101683,1981,Wilfredo,8.6e-05,boy
101684,1981,Dillon,8.5e-05,boy
101685,1981,Kris,8.5e-05,boy
101686,1981,Titus,8.5e-05,boy
101687,1981,Braden,8.4e-05,boy
101688,1981,Ellis,8.4e-05,boy
101689,1981,Elmer,8.4e-05,boy
101690,1981,Buddy,8.4e-05,boy
101691,1981,Daren,8.4e-05,boy
101692,1981,Andrea,8.3e-05,boy
101693,1981,Antwon,8.3e-05,boy
101694,1981,Asa,8.3e-05,boy
101695,1981,Domingo,8.3e-05,boy
101696,1981,Leif,8.3e-05,boy
101697,1981,Raheem,8.3e-05,boy
101698,1981,Tyree,8.3e-05,boy
101699,1981,Chaz,8.2e-05,boy
101700,1981,Darrick,8.2e-05,boy
101701,1981,Agustin,8.2e-05,boy
101702,1981,Fidel,8.2e-05,boy
101703,1981,Vance,8.2e-05,boy
101704,1981,Rico,8.1e-05,boy
101705,1981,Galen,8.1e-05,boy
101706,1981,Judson,8.1e-05,boy
101707,1981,Rocco,8.1e-05,boy
101708,1981,Jered,8e-05,boy
101709,1981,Rhett,8e-05,boy
101710,1981,Amir,7.9e-05,boy
101711,1981,Kristian,7.9e-05,boy
101712,1981,Markus,7.9e-05,boy
101713,1981,Prince,7.9e-05,boy
101714,1981,Bernardo,7.8e-05,boy
101715,1981,Cliff,7.8e-05,boy
101716,1981,Edmond,7.8e-05,boy
101717,1981,Ken,7.8e-05,boy
101718,1981,Louie,7.8e-05,boy
101719,1981,Wilbert,7.8e-05,boy
101720,1981,Zackary,7.8e-05,boy
101721,1981,Raymundo,7.7e-05,boy
101722,1981,Tyron,7.7e-05,boy
101723,1981,Deshawn,7.6e-05,boy
101724,1981,Grady,7.6e-05,boy
101725,1981,Jedediah,7.6e-05,boy
101726,1981,Rickie,7.6e-05,boy
101727,1981,Van,7.6e-05,boy
101728,1981,Anwar,7.5e-05,boy
101729,1981,Dejuan,7.5e-05,boy
101730,1981,Garret,7.5e-05,boy
101731,1981,Jeramie,7.5e-05,boy
101732,1981,Vaughn,7.5e-05,boy
101733,1981,Aldo,7.5e-05,boy
101734,1981,Myles,7.5e-05,boy
101735,1981,Antione,7.4e-05,boy
101736,1981,Aric,7.4e-05,boy
101737,1981,Harrison,7.4e-05,boy
101738,1981,Jacques,7.4e-05,boy
101739,1981,Jamil,7.4e-05,boy
101740,1981,Monte,7.4e-05,boy
101741,1981,Rufus,7.4e-05,boy
101742,1981,Johnpaul,7.4e-05,boy
101743,1981,Trey,7.4e-05,boy
101744,1981,Abram,7.3e-05,boy
101745,1981,Brennan,7.3e-05,boy
101746,1981,Gregorio,7.3e-05,boy
101747,1981,Whitney,7.3e-05,boy
101748,1981,Willard,7.3e-05,boy
101749,1981,Bryson,7.3e-05,boy
101750,1981,Shelby,7.3e-05,boy
101751,1981,Hassan,7.2e-05,boy
101752,1981,Jasen,7.2e-05,boy
101753,1981,Parker,7.2e-05,boy
101754,1981,Demario,7.2e-05,boy
101755,1981,Denny,7.2e-05,boy
101756,1981,Garth,7.2e-05,boy
101757,1981,Nikolas,7.2e-05,boy
101758,1981,Silas,7.1e-05,boy
101759,1981,Alec,7e-05,boy
101760,1981,Delbert,7e-05,boy
101761,1981,Ernie,7e-05,boy
101762,1981,Josef,7e-05,boy
101763,1981,Tory,7e-05,boy
101764,1981,Gonzalo,7e-05,boy
101765,1981,Mitchel,7e-05,boy
101766,1981,Randell,7e-05,boy
101767,1981,Dominique,6.9e-05,boy
101768,1981,Malik,6.9e-05,boy
101769,1981,Percy,6.9e-05,boy
101770,1981,Dereck,6.9e-05,boy
101771,1981,Osvaldo,6.8e-05,boy
101772,1981,Stacey,6.8e-05,boy
101773,1981,Brannon,6.8e-05,boy
101774,1981,Federico,6.8e-05,boy
101775,1981,Kaleb,6.8e-05,boy
101776,1981,Kip,6.8e-05,boy
101777,1981,Mikel,6.8e-05,boy
101778,1981,Moshe,6.8e-05,boy
101779,1981,Alphonso,6.7e-05,boy
101780,1981,Denis,6.7e-05,boy
101781,1981,German,6.7e-05,boy
101782,1981,Horace,6.7e-05,boy
101783,1981,Davin,6.6e-05,boy
101784,1981,Elton,6.6e-05,boy
101785,1981,Jordon,6.6e-05,boy
101786,1981,Shayne,6.6e-05,boy
101787,1981,Shelton,6.6e-05,boy
101788,1981,Daron,6.6e-05,boy
101789,1981,Demond,6.6e-05,boy
101790,1981,Liam,6.6e-05,boy
101791,1981,Mack,6.6e-05,boy
101792,1981,Ulysses,6.6e-05,boy
101793,1981,Dirk,6.5e-05,boy
101794,1981,Hubert,6.5e-05,boy
101795,1981,Marcello,6.5e-05,boy
101796,1981,Marlin,6.5e-05,boy
101797,1981,Rodger,6.5e-05,boy
101798,1981,Antony,6.5e-05,boy
101799,1981,Cornell,6.5e-05,boy
101800,1981,Danial,6.5e-05,boy
101801,1981,Darwin,6.5e-05,boy
101802,1981,Amit,6.4e-05,boy
101803,1981,Cristian,6.4e-05,boy
101804,1981,Ezekiel,6.4e-05,boy
101805,1981,Isidro,6.3e-05,boy
101806,1981,Lincoln,6.3e-05,boy
101807,1981,Jan,6.3e-05,boy
101808,1981,Zackery,6.3e-05,boy
101809,1981,Ari,6.2e-05,boy
101810,1981,Bennett,6.2e-05,boy
101811,1981,Cleveland,6.2e-05,boy
101812,1981,Valentin,6.2e-05,boy
101813,1981,Cortney,6.2e-05,boy
101814,1981,Denver,6.2e-05,boy
101815,1981,Edwardo,6.2e-05,boy
101816,1981,Jerimiah,6.2e-05,boy
101817,1981,Quintin,6.2e-05,boy
101818,1981,Tavares,6.2e-05,boy
101819,1981,Efren,6.1e-05,boy
101820,1981,Erwin,6.1e-05,boy
101821,1981,Lindsey,6.1e-05,boy
101822,1981,Vito,6.1e-05,boy
101823,1981,Billie,6.1e-05,boy
101824,1981,Broderick,6.1e-05,boy
101825,1981,Cortez,6.1e-05,boy
101826,1981,Davon,6.1e-05,boy
101827,1981,Irvin,6.1e-05,boy
101828,1981,Mohammad,6.1e-05,boy
101829,1981,Andrae,6e-05,boy
101830,1981,Eliseo,6e-05,boy
101831,1981,Ahmed,6e-05,boy
101832,1981,Elvin,6e-05,boy
101833,1981,Jeremey,6e-05,boy
101834,1981,Kirby,6e-05,boy
101835,1981,Theron,6e-05,boy
101836,1981,Brandan,5.9e-05,boy
101837,1981,Garland,5.9e-05,boy
101838,1981,Jaron,5.9e-05,boy
101839,1981,Jereme,5.9e-05,boy
101840,1981,Al,5.9e-05,boy
101841,1981,Kenton,5.9e-05,boy
101842,1981,Kim,5.9e-05,boy
101843,1981,Marchello,5.9e-05,boy
101844,1981,Sarah,5.9e-05,boy
101845,1981,Gino,5.8e-05,boy
101846,1981,Jermey,5.8e-05,boy
101847,1981,Tremaine,5.8e-05,boy
101848,1981,Tremayne,5.8e-05,boy
101849,1981,Chet,5.8e-05,boy
101850,1981,Francesco,5.8e-05,boy
101851,1981,Junior,5.8e-05,boy
101852,1981,Keon,5.8e-05,boy
101853,1981,Paris,5.8e-05,boy
101854,1981,Ramsey,5.8e-05,boy
101855,1981,Russel,5.8e-05,boy
101856,1981,August,5.7e-05,boy
101857,1981,Carmen,5.7e-05,boy
101858,1981,Deric,5.7e-05,boy
101859,1981,Juston,5.7e-05,boy
101860,1981,Keegan,5.7e-05,boy
101861,1981,Laron,5.7e-05,boy
101862,1981,Cristopher,5.6e-05,boy
101863,1981,Dewey,5.6e-05,boy
101864,1981,Kody,5.6e-05,boy
101865,1981,Shea,5.6e-05,boy
101866,1981,Brenden,5.6e-05,boy
101867,1981,Chaim,5.6e-05,boy
101868,1981,Eloy,5.6e-05,boy
101869,1981,Javon,5.6e-05,boy
101870,1981,Jermain,5.6e-05,boy
101871,1981,Stevie,5.6e-05,boy
101872,1981,Emmett,5.5e-05,boy
101873,1981,Garrick,5.5e-05,boy
101874,1981,Jamin,5.5e-05,boy
101875,1981,Michel,5.5e-05,boy
101876,1981,Norberto,5.5e-05,boy
101877,1981,Wilbur,5.5e-05,boy
101878,1981,Cullen,5.5e-05,boy
101879,1981,Elisha,5.5e-05,boy
101880,1981,Lowell,5.5e-05,boy
101881,1981,Mohammed,5.5e-05,boy
101882,1981,Sammie,5.5e-05,boy
101883,1981,Shad,5.5e-05,boy
101884,1981,Deangelo,5.4e-05,boy
101885,1981,Jarad,5.4e-05,boy
101886,1981,Monty,5.4e-05,boy
101887,1981,Amanda,5.4e-05,boy
101888,1981,Giuseppe,5.4e-05,boy
101889,1981,Hank,5.4e-05,boy
101890,1981,Justen,5.4e-05,boy
101891,1981,Kelsey,5.4e-05,boy
101892,1981,Yoel,5.4e-05,boy
101893,1981,Bronson,5.3e-05,boy
101894,1981,Elbert,5.3e-05,boy
101895,1981,Genaro,5.3e-05,boy
101896,1981,Simeon,5.3e-05,boy
101897,1981,Torrey,5.3e-05,boy
101898,1981,Bert,5.3e-05,boy
101899,1981,Homer,5.3e-05,boy
101900,1981,Isiah,5.3e-05,boy
101901,1981,Jayme,5.3e-05,boy
101902,1981,Lazaro,5.3e-05,boy
101903,1981,Boyd,5.2e-05,boy
101904,1981,Donta,5.2e-05,boy
101905,1981,Ezequiel,5.2e-05,boy
101906,1981,Garett,5.2e-05,boy
101907,1981,Jude,5.2e-05,boy
101908,1981,Kelley,5.2e-05,boy
101909,1981,Michelle,5.2e-05,boy
101910,1981,Nestor,5.2e-05,boy
101911,1981,Stephanie,5.2e-05,boy
101912,1981,Westley,5.2e-05,boy
101913,1981,Buck,5.2e-05,boy
101914,1981,Johathan,5.2e-05,boy
101915,1981,Melissa,5.2e-05,boy
101916,1981,Sandy,5.2e-05,boy
101917,1981,Adalberto,5.1e-05,boy
101918,1981,Andreas,5.1e-05,boy
101919,1981,Britton,5.1e-05,boy
101920,1981,Connor,5.1e-05,boy
101921,1981,Cristobal,5.1e-05,boy
101922,1981,Darron,5.1e-05,boy
101923,1981,Edgardo,5.1e-05,boy
101924,1981,Harlan,5.1e-05,boy
101925,1981,Jerrell,5.1e-05,boy
101926,1981,Kenyon,5.1e-05,boy
101927,1981,Ronny,5.1e-05,boy
101928,1981,Abdul,5.1e-05,boy
101929,1981,Augustine,5.1e-05,boy
101930,1981,Jarret,5.1e-05,boy
101931,1981,Judd,5.1e-05,boy
101932,1981,Anson,5e-05,boy
101933,1981,Trever,5e-05,boy
101934,1981,Delvin,4.9e-05,boy
101935,1981,Errol,4.9e-05,boy
101936,1981,Dontae,4.9e-05,boy
101937,1981,Gerry,4.9e-05,boy
101938,1981,Jabari,4.9e-05,boy
101939,1981,Maria,4.9e-05,boy
101940,1981,Burton,4.8e-05,boy
101941,1981,Coleman,4.8e-05,boy
101942,1981,Cruz,4.8e-05,boy
101943,1981,Elizabeth,4.8e-05,boy
101944,1981,Estevan,4.8e-05,boy
101945,1981,Jameel,4.8e-05,boy
101946,1981,Marcelino,4.8e-05,boy
101947,1981,Taurean,4.8e-05,boy
101948,1981,Thad,4.8e-05,boy
101949,1981,Antwain,4.8e-05,boy
101950,1981,Cale,4.8e-05,boy
101951,1981,Christoper,4.8e-05,boy
101952,1981,Cordell,4.8e-05,boy
101953,1981,Demarco,4.8e-05,boy
101954,1981,Jameson,4.8e-05,boy
101955,1981,Jessy,4.8e-05,boy
101956,1981,Muhammad,4.8e-05,boy
101957,1981,Skylar,4.8e-05,boy
101958,1981,Aurelio,4.7e-05,boy
101959,1981,Carter,4.7e-05,boy
101960,1981,Chadrick,4.7e-05,boy
101961,1981,Hiram,4.7e-05,boy
101962,1981,Kai,4.7e-05,boy
101963,1981,Arnulfo,4.7e-05,boy
101964,1981,Dalton,4.7e-05,boy
101965,1981,Dedrick,4.7e-05,boy
101966,1981,Doyle,4.7e-05,boy
101967,1981,Kraig,4.7e-05,boy
101968,1981,Marcelo,4.7e-05,boy
101969,1981,Mohamed,4.7e-05,boy
101970,1981,Adrain,4.6e-05,boy
101971,1981,Coy,4.6e-05,boy
101972,1981,Duncan,4.6e-05,boy
101973,1981,Irving,4.6e-05,boy
101974,1981,Jeramiah,4.6e-05,boy
101975,1981,Tucker,4.6e-05,boy
101976,1981,Benjamen,4.6e-05,boy
101977,1981,Bobbie,4.6e-05,boy
101978,1981,Greggory,4.6e-05,boy
101979,1981,Jade,4.6e-05,boy
101980,1981,Jarrad,4.6e-05,boy
101981,1981,Nicole,4.6e-05,boy
101982,1981,Samson,4.6e-05,boy
101983,1981,Terrill,4.6e-05,boy
101984,1981,Bob,4.5e-05,boy
101985,1981,Brody,4.5e-05,boy
101986,1981,Charley,4.5e-05,boy
101987,1981,Claudio,4.5e-05,boy
101988,1981,Jeb,4.5e-05,boy
101989,1981,Leopoldo,4.5e-05,boy
101990,1981,Tad,4.5e-05,boy
101991,1981,Wilfred,4.5e-05,boy
101992,1981,Woodrow,4.5e-05,boy
101993,1981,Dino,4.5e-05,boy
101994,1981,Forest,4.5e-05,boy
101995,1981,Isaias,4.5e-05,boy
101996,1981,Jevon,4.5e-05,boy
101997,1981,Nicklaus,4.5e-05,boy
101998,1981,Paulo,4.5e-05,boy
101999,1981,Rosendo,4.5e-05,boy
102000,1982,Michael,0.036157,boy
102001,1982,Christopher,0.031456,boy
102002,1982,Matthew,0.02442,boy
102003,1982,Jason,0.021537,boy
102004,1982,David,0.021441,boy
102005,1982,James,0.020611,boy
102006,1982,Joshua,0.02016,boy
102007,1982,John,0.018389,boy
102008,1982,Robert,0.018246,boy
102009,1982,Daniel,0.017302,boy
102010,1982,Joseph,0.016455,boy
102011,1982,Justin,0.015432,boy
102012,1982,Ryan,0.014151,boy
102013,1982,Brian,0.013697,boy
102014,1982,William,0.013578,boy
102015,1982,Jonathan,0.012257,boy
102016,1982,Andrew,0.012102,boy
102017,1982,Brandon,0.010717,boy
102018,1982,Adam,0.010653,boy
102019,1982,Eric,0.010536,boy
102020,1982,Anthony,0.010416,boy
102021,1982,Nicholas,0.010414,boy
102022,1982,Thomas,0.009316,boy
102023,1982,Timothy,0.009261,boy
102024,1982,Kevin,0.009258,boy
102025,1982,Steven,0.00909,boy
102026,1982,Richard,0.008861,boy
102027,1982,Jeremy,0.008737,boy
102028,1982,Jeffrey,0.008504,boy
102029,1982,Aaron,0.007633,boy
102030,1982,Charles,0.007582,boy
102031,1982,Mark,0.007352,boy
102032,1982,Benjamin,0.007318,boy
102033,1982,Scott,0.006471,boy
102034,1982,Paul,0.00599,boy
102035,1982,Nathan,0.005729,boy
102036,1982,Patrick,0.005667,boy
102037,1982,Stephen,0.005635,boy
102038,1982,Travis,0.005525,boy
102039,1982,Gregory,0.005374,boy
102040,1982,Jacob,0.005331,boy
102041,1982,Dustin,0.005065,boy
102042,1982,Jesse,0.00504,boy
102043,1982,Sean,0.004966,boy
102044,1982,Kenneth,0.004958,boy
102045,1982,Jose,0.004567,boy
102046,1982,Kyle,0.00435,boy
102047,1982,Chad,0.004197,boy
102048,1982,Bryan,0.003973,boy
102049,1982,Derek,0.003707,boy
102050,1982,Bradley,0.003695,boy
102051,1982,Shawn,0.003629,boy
102052,1982,Edward,0.003331,boy
102053,1982,Jared,0.00332,boy
102054,1982,Zachary,0.003255,boy
102055,1982,Samuel,0.003185,boy
102056,1982,Peter,0.003056,boy
102057,1982,Donald,0.003032,boy
102058,1982,Keith,0.00298,boy
102059,1982,Ronald,0.00276,boy
102060,1982,Juan,0.002714,boy
102061,1982,George,0.002644,boy
102062,1982,Marcus,0.002644,boy
102063,1982,Gary,0.00246,boy
102064,1982,Alexander,0.002428,boy
102065,1982,Tyler,0.002422,boy
102066,1982,Phillip,0.002395,boy
102067,1982,Douglas,0.002394,boy
102068,1982,Joel,0.002353,boy
102069,1982,Raymond,0.002279,boy
102070,1982,Carlos,0.002259,boy
102071,1982,Brett,0.002134,boy
102072,1982,Craig,0.002131,boy
102073,1982,Corey,0.002089,boy
102074,1982,Nathaniel,0.002087,boy
102075,1982,Antonio,0.002058,boy
102076,1982,Larry,0.00197,boy
102077,1982,Derrick,0.001939,boy
102078,1982,Philip,0.001931,boy
102079,1982,Erik,0.001927,boy
102080,1982,Frank,0.001912,boy
102081,1982,Todd,0.001907,boy
102082,1982,Ian,0.001898,boy
102083,1982,Shane,0.001876,boy
102084,1982,Jordan,0.001875,boy
102085,1982,Casey,0.001818,boy
102086,1982,Dennis,0.001798,boy
102087,1982,Gabriel,0.001783,boy
102088,1982,Jeremiah,0.001766,boy
102089,1982,Luis,0.001761,boy
102090,1982,Brent,0.001759,boy
102091,1982,Jeffery,0.001756,boy
102092,1982,Cory,0.001715,boy
102093,1982,Randy,0.001713,boy
102094,1982,Cody,0.001687,boy
102095,1982,Shaun,0.001673,boy
102096,1982,Russell,0.001609,boy
102097,1982,Wesley,0.001605,boy
102098,1982,Victor,0.001587,boy
102099,1982,Jerry,0.00156,boy
102100,1982,Curtis,0.001558,boy
102101,1982,Seth,0.001541,boy
102102,1982,Vincent,0.001517,boy
102103,1982,Carl,0.001488,boy
102104,1982,Terry,0.001467,boy
102105,1982,Lucas,0.001452,boy
102106,1982,Alan,0.001421,boy
102107,1982,Evan,0.001417,boy
102108,1982,Mario,0.001405,boy
102109,1982,Miguel,0.001392,boy
102110,1982,Jesus,0.001389,boy
102111,1982,Bobby,0.001382,boy
102112,1982,Tony,0.001381,boy
102113,1982,Christian,0.00136,boy
102114,1982,Troy,0.001345,boy
102115,1982,Billy,0.001341,boy
102116,1982,Adrian,0.001332,boy
102117,1982,Johnny,0.00132,boy
102118,1982,Luke,0.001312,boy
102119,1982,Blake,0.001246,boy
102120,1982,Ricardo,0.001213,boy
102121,1982,Allen,0.001174,boy
102122,1982,Lee,0.001169,boy
102123,1982,Kristopher,0.001165,boy
102124,1982,Andre,0.001165,boy
102125,1982,Martin,0.001146,boy
102126,1982,Roger,0.001144,boy
102127,1982,Lawrence,0.00113,boy
102128,1982,Ricky,0.001124,boy
102129,1982,Randall,0.001119,boy
102130,1982,Jamie,0.00111,boy
102131,1982,Jimmy,0.001109,boy
102132,1982,Clinton,0.001104,boy
102133,1982,Henry,0.0011,boy
102134,1982,Mitchell,0.001098,boy
102135,1982,Manuel,0.001089,boy
102136,1982,Danny,0.001086,boy
102137,1982,Marc,0.001082,boy
102138,1982,Jorge,0.001074,boy
102139,1982,Jon,0.001071,boy
102140,1982,Albert,0.00107,boy
102141,1982,Lance,0.001046,boy
102142,1982,Willie,0.00104,boy
102143,1982,Alex,0.001036,boy
102144,1982,Rodney,0.001034,boy
102145,1982,Trevor,0.001027,boy
102146,1982,Walter,0.001014,boy
102147,1982,Micheal,0.001011,boy
102148,1982,Joe,0.000991,boy
102149,1982,Isaac,0.000978,boy
102150,1982,Roberto,0.000977,boy
102151,1982,Johnathan,0.000972,boy
102152,1982,Jonathon,0.00097,boy
102153,1982,Francisco,0.00096,boy
102154,1982,Noah,0.00096,boy
102155,1982,Austin,0.000953,boy
102156,1982,Arthur,0.000952,boy
102157,1982,Gerald,0.000912,boy
102158,1982,Wayne,0.000908,boy
102159,1982,Mathew,0.000908,boy
102160,1982,Clayton,0.000906,boy
102161,1982,Louis,0.000897,boy
102162,1982,Brad,0.000895,boy
102163,1982,Jay,0.000884,boy
102164,1982,Maurice,0.000874,boy
102165,1982,Jack,0.000858,boy
102166,1982,Roy,0.000857,boy
102167,1982,Jermaine,0.000854,boy
102168,1982,Caleb,0.000839,boy
102169,1982,Bruce,0.000838,boy
102170,1982,Colin,0.000814,boy
102171,1982,Hector,0.000808,boy
102172,1982,Alejandro,0.000791,boy
102173,1982,Darren,0.000788,boy
102174,1982,Oscar,0.000788,boy
102175,1982,Calvin,0.000783,boy
102176,1982,Ruben,0.000781,boy
102177,1982,Ross,0.000777,boy
102178,1982,Cameron,0.000775,boy
102179,1982,Garrett,0.00077,boy
102180,1982,Angel,0.000765,boy
102181,1982,Darrell,0.000736,boy
102182,1982,Omar,0.000734,boy
102183,1982,Reginald,0.000731,boy
102184,1982,Fernando,0.000723,boy
102185,1982,Frederick,0.000722,boy
102186,1982,Jaime,0.000716,boy
102187,1982,Neil,0.000711,boy
102188,1982,Edwin,0.000709,boy
102189,1982,Jessie,0.000705,boy
102190,1982,Jerome,0.000693,boy
102191,1982,Eddie,0.000686,boy
102192,1982,Geoffrey,0.000684,boy
102193,1982,Javier,0.000684,boy
102194,1982,Tyrone,0.00068,boy
102195,1982,Ronnie,0.000676,boy
102196,1982,Kelly,0.000675,boy
102197,1982,Terrance,0.00067,boy
102198,1982,Rafael,0.000665,boy
102199,1982,Ernest,0.000658,boy
102200,1982,Eugene,0.00065,boy
102201,1982,Raul,0.000646,boy
102202,1982,Sergio,0.00064,boy
102203,1982,Pedro,0.000637,boy
102204,1982,Leonard,0.000635,boy
102205,1982,Brendan,0.000634,boy
102206,1982,Theodore,0.00063,boy
102207,1982,Barry,0.000627,boy
102208,1982,Kurt,0.000626,boy
102209,1982,Tommy,0.000622,boy
102210,1982,Grant,0.00062,boy
102211,1982,Clifford,0.000605,boy
102212,1982,Marvin,0.000603,boy
102213,1982,Levi,0.000602,boy
102214,1982,Dale,0.0006,boy
102215,1982,Micah,0.000595,boy
102216,1982,Bret,0.000583,boy
102217,1982,Shannon,0.000578,boy
102218,1982,Glenn,0.000576,boy
102219,1982,Ivan,0.000575,boy
102220,1982,Ramon,0.000571,boy
102221,1982,Terrence,0.000571,boy
102222,1982,Dominic,0.000558,boy
102223,1982,Harold,0.000555,boy
102224,1982,Jarrod,0.000555,boy
102225,1982,Devin,0.000548,boy
102226,1982,Melvin,0.000548,boy
102227,1982,Marco,0.000547,boy
102228,1982,Steve,0.000543,boy
102229,1982,Drew,0.000538,boy
102230,1982,Joey,0.000532,boy
102231,1982,Alberto,0.000531,boy
102232,1982,Stanley,0.000529,boy
102233,1982,Eduardo,0.000528,boy
102234,1982,Julian,0.000525,boy
102235,1982,Armando,0.000523,boy
102236,1982,Darryl,0.000523,boy
102237,1982,Francis,0.000521,boy
102238,1982,Cedric,0.000517,boy
102239,1982,Karl,0.000515,boy
102240,1982,Dwayne,0.000512,boy
102241,1982,Damien,0.000504,boy
102242,1982,Ralph,0.000503,boy
102243,1982,Taylor,0.000503,boy
102244,1982,Chase,0.000497,boy
102245,1982,Clint,0.000491,boy
102246,1982,Andy,0.000491,boy
102247,1982,Spencer,0.000491,boy
102248,1982,Nicolas,0.000472,boy
102249,1982,Andres,0.000471,boy
102250,1982,Earl,0.000469,boy
102251,1982,Erick,0.000464,boy
102252,1982,Leon,0.000463,boy
102253,1982,Ray,0.00046,boy
102254,1982,Byron,0.000457,boy
102255,1982,Tyson,0.000457,boy
102256,1982,Franklin,0.000455,boy
102257,1982,Cesar,0.000453,boy
102258,1982,Clarence,0.000447,boy
102259,1982,Abraham,0.000444,boy
102260,1982,Alfred,0.000443,boy
102261,1982,Edgar,0.000441,boy
102262,1982,Julio,0.00044,boy
102263,1982,Marshall,0.000433,boy
102264,1982,Cole,0.000428,boy
102265,1982,Preston,0.000426,boy
102266,1982,Warren,0.000425,boy
102267,1982,Howard,0.00042,boy
102268,1982,Gilbert,0.00042,boy
102269,1982,Alvin,0.000416,boy
102270,1982,Alfredo,0.000412,boy
102271,1982,Harry,0.000408,boy
102272,1982,Dean,0.000407,boy
102273,1982,Courtney,0.000405,boy
102274,1982,Alexis,0.000403,boy
102275,1982,Tristan,0.000403,boy
102276,1982,Antoine,0.000401,boy
102277,1982,Enrique,0.0004,boy
102278,1982,Roderick,0.000392,boy
102279,1982,Elijah,0.000391,boy
102280,1982,Rory,0.000388,boy
102281,1982,Kelvin,0.000388,boy
102282,1982,Arturo,0.000387,boy
102283,1982,Daryl,0.000382,boy
102284,1982,Clifton,0.000381,boy
102285,1982,Jamaal,0.000379,boy
102286,1982,Chris,0.000377,boy
102287,1982,Heath,0.000376,boy
102288,1982,Ethan,0.000375,boy
102289,1982,Dylan,0.00037,boy
102290,1982,Salvador,0.000369,boy
102291,1982,Gerardo,0.000365,boy
102292,1982,Logan,0.000364,boy
102293,1982,Orlando,0.000364,boy
102294,1982,Terrell,0.000362,boy
102295,1982,Beau,0.000359,boy
102296,1982,Bernard,0.000359,boy
102297,1982,Leroy,0.000357,boy
102298,1982,Jake,0.000353,boy
102299,1982,Wade,0.000351,boy
102300,1982,Kirk,0.000351,boy
102301,1982,Nelson,0.000347,boy
102302,1982,Lonnie,0.000346,boy
102303,1982,Ashley,0.000344,boy
102304,1982,Rene,0.000344,boy
102305,1982,Bryant,0.000339,boy
102306,1982,Damon,0.000339,boy
102307,1982,Ernesto,0.000339,boy
102308,1982,Quentin,0.000339,boy
102309,1982,Israel,0.000338,boy
102310,1982,Norman,0.000336,boy
102311,1982,Bryce,0.000335,boy
102312,1982,Morgan,0.000334,boy
102313,1982,Demetrius,0.000333,boy
102314,1982,Lorenzo,0.000332,boy
102315,1982,Marcos,0.000332,boy
102316,1982,Emmanuel,0.000326,boy
102317,1982,Angelo,0.000322,boy
102318,1982,Kenny,0.000317,boy
102319,1982,Branden,0.000316,boy
102320,1982,Duane,0.000315,boy
102321,1982,Rocky,0.000313,boy
102322,1982,Lewis,0.000313,boy
102323,1982,Allan,0.000312,boy
102324,1982,Nickolas,0.000311,boy
102325,1982,Stuart,0.000311,boy
102326,1982,Damian,0.00031,boy
102327,1982,Jayson,0.000309,boy
102328,1982,Trent,0.000309,boy
102329,1982,Glen,0.000307,boy
102330,1982,Fredrick,0.000306,boy
102331,1982,Landon,0.000303,boy
102332,1982,Vernon,0.000302,boy
102333,1982,Brady,0.000301,boy
102334,1982,Jamal,0.000299,boy
102335,1982,Bradford,0.000297,boy
102336,1982,Kent,0.000296,boy
102337,1982,Rickey,0.000296,boy
102338,1982,Neal,0.000293,boy
102339,1982,Rodolfo,0.000293,boy
102340,1982,Fred,0.000293,boy
102341,1982,Don,0.000292,boy
102342,1982,Lamar,0.000291,boy
102343,1982,Darnell,0.000285,boy
102344,1982,Gordon,0.000285,boy
102345,1982,Julius,0.000284,boy
102346,1982,Isaiah,0.000284,boy
102347,1982,Dallas,0.000283,boy
102348,1982,Rudy,0.000283,boy
102349,1982,Dana,0.000281,boy
102350,1982,Johnathon,0.00028,boy
102351,1982,Felix,0.000279,boy
102352,1982,Charlie,0.000274,boy
102353,1982,Dusty,0.000274,boy
102354,1982,Herbert,0.000274,boy
102355,1982,Eli,0.000267,boy
102356,1982,Lloyd,0.000267,boy
102357,1982,Kendrick,0.000265,boy
102358,1982,Pablo,0.000265,boy
102359,1982,Colby,0.000262,boy
102360,1982,Darius,0.000262,boy
102361,1982,Jamar,0.000261,boy
102362,1982,Dwight,0.000261,boy
102363,1982,Derick,0.000259,boy
102364,1982,Rick,0.000259,boy
102365,1982,Leo,0.000257,boy
102366,1982,Terence,0.000254,boy
102367,1982,Gavin,0.000253,boy
102368,1982,Graham,0.000251,boy
102369,1982,Noel,0.000249,boy
102370,1982,Abel,0.000248,boy
102371,1982,Elliott,0.000247,boy
102372,1982,Toby,0.000247,boy
102373,1982,Max,0.000245,boy
102374,1982,Collin,0.000245,boy
102375,1982,Devon,0.000244,boy
102376,1982,Zachariah,0.000243,boy
102377,1982,Johnnie,0.000242,boy
102378,1982,Marlon,0.000242,boy
102379,1982,Jarrett,0.000239,boy
102380,1982,Gustavo,0.000239,boy
102381,1982,Oliver,0.000238,boy
102382,1982,Carlton,0.000236,boy
102383,1982,Donnie,0.000232,boy
102384,1982,Greg,0.000232,boy
102385,1982,Ismael,0.000231,boy
102386,1982,Simon,0.000231,boy
102387,1982,Guillermo,0.00023,boy
102388,1982,Ben,0.000229,boy
102389,1982,Dante,0.000228,boy
102390,1982,Leslie,0.000228,boy
102391,1982,Alfonso,0.000228,boy
102392,1982,Brock,0.000227,boy
102393,1982,Perry,0.000226,boy
102394,1982,Cornelius,0.000225,boy
102395,1982,Jeff,0.000225,boy
102396,1982,Darin,0.000224,boy
102397,1982,Guy,0.000224,boy
102398,1982,Xavier,0.000224,boy
102399,1982,Brooks,0.000223,boy
102400,1982,Nolan,0.000223,boy
102401,1982,Quincy,0.000223,boy
102402,1982,Rusty,0.000223,boy
102403,1982,Kerry,0.000222,boy
102404,1982,Roland,0.000222,boy
102405,1982,Freddie,0.000221,boy
102406,1982,Trenton,0.000221,boy
102407,1982,Scotty,0.00022,boy
102408,1982,Gene,0.000219,boy
102409,1982,Quinton,0.000219,boy
102410,1982,Milton,0.000218,boy
102411,1982,Elias,0.000216,boy
102412,1982,Robin,0.000215,boy
102413,1982,Kellen,0.000215,boy
102414,1982,Elliot,0.000214,boy
102415,1982,Miles,0.000214,boy
102416,1982,Antwan,0.000213,boy
102417,1982,Dewayne,0.000212,boy
102418,1982,Lester,0.000211,boy
102419,1982,Dane,0.000211,boy
102420,1982,Rogelio,0.00021,boy
102421,1982,Floyd,0.000209,boy
102422,1982,Jimmie,0.000208,boy
102423,1982,Felipe,0.000205,boy
102424,1982,Jarvis,0.000205,boy
102425,1982,Loren,0.000204,boy
102426,1982,Rolando,0.000204,boy
102427,1982,Jarod,0.000202,boy
102428,1982,Gilberto,0.000201,boy
102429,1982,Marquis,0.000201,boy
102430,1982,Jackie,0.0002,boy
102431,1982,Owen,0.0002,boy
102432,1982,Sam,0.000198,boy
102433,1982,Ty,0.000197,boy
102434,1982,Chadwick,0.000197,boy
102435,1982,Nathanael,0.000196,boy
102436,1982,Roman,0.000196,boy
102437,1982,Josiah,0.000195,boy
102438,1982,Gerard,0.000194,boy
102439,1982,Lamont,0.000194,boy
102440,1982,Emanuel,0.000194,boy
102441,1982,Jody,0.000194,boy
102442,1982,Kendall,0.000193,boy
102443,1982,Tanner,0.000193,boy
102444,1982,Fabian,0.000192,boy
102445,1982,Frankie,0.000192,boy
102446,1982,Herman,0.000192,boy
102447,1982,Kurtis,0.000192,boy
102448,1982,Saul,0.000191,boy
102449,1982,Forrest,0.000191,boy
102450,1982,Tracy,0.00019,boy
102451,1982,Salvatore,0.000189,boy
102452,1982,Pierre,0.000189,boy
102453,1982,Desmond,0.000188,boy
102454,1982,Lionel,0.000187,boy
102455,1982,Hugo,0.000186,boy
102456,1982,Moses,0.000184,boy
102457,1982,Clay,0.000183,boy
102458,1982,Colt,0.000182,boy
102459,1982,Stephan,0.000182,boy
102460,1982,Dominick,0.000181,boy
102461,1982,Jess,0.000179,boy
102462,1982,Deandre,0.000176,boy
102463,1982,Sidney,0.000176,boy
102464,1982,Chester,0.000176,boy
102465,1982,Ramiro,0.000175,boy
102466,1982,Everett,0.000174,boy
102467,1982,Alonzo,0.000172,boy
102468,1982,Mason,0.000172,boy
102469,1982,Josue,0.000171,boy
102470,1982,Jerrod,0.00017,boy
102471,1982,Mike,0.00017,boy
102472,1982,Kareem,0.000168,boy
102473,1982,Kory,0.000168,boy
102474,1982,Ted,0.000168,boy
102475,1982,Esteban,0.000167,boy
102476,1982,Hunter,0.000167,boy
102477,1982,Marques,0.000167,boy
102478,1982,Jim,0.000167,boy
102479,1982,Randolph,0.000167,boy
102480,1982,Robbie,0.000167,boy
102481,1982,Bryon,0.000166,boy
102482,1982,Leonardo,0.000166,boy
102483,1982,Clyde,0.000164,boy
102484,1982,Dan,0.000164,boy
102485,1982,Jarred,0.000162,boy
102486,1982,Wendell,0.000161,boy
102487,1982,Clark,0.000161,boy
102488,1982,Weston,0.00016,boy
102489,1982,Tomas,0.000159,boy
102490,1982,Reynaldo,0.000158,boy
102491,1982,Malcolm,0.000158,boy
102492,1982,Cecil,0.000157,boy
102493,1982,Donte,0.000157,boy
102494,1982,Solomon,0.000157,boy
102495,1982,Ariel,0.000156,boy
102496,1982,Josh,0.000156,boy
102497,1982,Zachery,0.000154,boy
102498,1982,Donnell,0.000154,boy
102499,1982,Benny,0.000153,boy
102500,1982,Jonah,0.000152,boy
102501,1982,Darrin,0.000151,boy
102502,1982,Kristofer,0.000151,boy
102503,1982,Moises,0.000151,boy
102504,1982,Jamel,0.00015,boy
102505,1982,Jonas,0.00015,boy
102506,1982,Donovan,0.000148,boy
102507,1982,Noe,0.000148,boy
102508,1982,Aron,0.000146,boy
102509,1982,Guadalupe,0.000146,boy
102510,1982,Jerod,0.000146,boy
102511,1982,Sheldon,0.000145,boy
102512,1982,Garry,0.000145,boy
102513,1982,Jackson,0.000144,boy
102514,1982,Jean,0.000144,boy
102515,1982,Sherman,0.000144,boy
102516,1982,Myron,0.000143,boy
102517,1982,Santiago,0.000143,boy
102518,1982,Sammy,0.000142,boy
102519,1982,Arnold,0.000142,boy
102520,1982,Nick,0.000141,boy
102521,1982,Reuben,0.000141,boy
102522,1982,Wilson,0.000141,boy
102523,1982,Rex,0.00014,boy
102524,1982,Alton,0.00014,boy
102525,1982,Rashad,0.000139,boy
102526,1982,Blaine,0.000139,boy
102527,1982,Will,0.000139,boy
102528,1982,Reid,0.000138,boy
102529,1982,Ali,0.000137,boy
102530,1982,Erich,0.000137,boy
102531,1982,Diego,0.000136,boy
102532,1982,Earnest,0.000136,boy
102533,1982,Ira,0.000135,boy
102534,1982,Brenton,0.000135,boy
102535,1982,Otis,0.000135,boy
102536,1982,Stewart,0.000135,boy
102537,1982,Dominique,0.000134,boy
102538,1982,Emilio,0.000134,boy
102539,1982,Harvey,0.000134,boy
102540,1982,Randal,0.000134,boy
102541,1982,Demarcus,0.000133,boy
102542,1982,Joesph,0.000133,boy
102543,1982,Stefan,0.000133,boy
102544,1982,Brendon,0.000133,boy
102545,1982,Harley,0.000131,boy
102546,1982,Erin,0.000131,boy
102547,1982,Joaquin,0.000131,boy
102548,1982,Kasey,0.000131,boy
102549,1982,Chaz,0.00013,boy
102550,1982,Vicente,0.00013,boy
102551,1982,Freddy,0.000129,boy
102552,1982,Giovanni,0.000129,boy
102553,1982,Anton,0.000129,boy
102554,1982,Amos,0.000128,boy
102555,1982,Bill,0.000128,boy
102556,1982,Ron,0.000127,boy
102557,1982,Humberto,0.000126,boy
102558,1982,Sterling,0.000126,boy
102559,1982,Claude,0.000125,boy
102560,1982,Rigoberto,0.000124,boy
102561,1982,Conrad,0.000123,boy
102562,1982,Zane,0.000123,boy
102563,1982,Barrett,0.000122,boy
102564,1982,Marty,0.000122,boy
102565,1982,Hugh,0.000121,boy
102566,1982,Luther,0.000121,boy
102567,1982,Blair,0.00012,boy
102568,1982,Virgil,0.00012,boy
102569,1982,Willis,0.00012,boy
102570,1982,Adan,0.00012,boy
102571,1982,Jovan,0.00012,boy
102572,1982,Edmund,0.000119,boy
102573,1982,Efrain,0.000118,boy
102574,1982,Lyle,0.000118,boy
102575,1982,Dorian,0.000117,boy
102576,1982,Bradly,0.000117,boy
102577,1982,Conor,0.000117,boy
102578,1982,Dexter,0.000117,boy
102579,1982,Dion,0.000117,boy
102580,1982,Teddy,0.000117,boy
102581,1982,Rodrigo,0.000116,boy
102582,1982,Sylvester,0.000116,boy
102583,1982,Sebastian,0.000116,boy
102584,1982,Thaddeus,0.000116,boy
102585,1982,Avery,0.000115,boy
102586,1982,Royce,0.000115,boy
102587,1982,Reed,0.000114,boy
102588,1982,Hans,0.000114,boy
102589,1982,Ignacio,0.000113,boy
102590,1982,Gregg,0.000112,boy
102591,1982,Taurean,0.000112,boy
102592,1982,Tyrell,0.000112,boy
102593,1982,Sonny,0.000111,boy
102594,1982,Jerad,0.00011,boy
102595,1982,Pete,0.00011,boy
102596,1982,Quintin,0.00011,boy
102597,1982,Deon,0.000109,boy
102598,1982,Ahmad,0.000109,boy
102599,1982,Damion,0.000109,boy
102600,1982,Wyatt,0.000108,boy
102601,1982,Donny,0.000107,boy
102602,1982,Skyler,0.000107,boy
102603,1982,Waylon,0.000107,boy
102604,1982,Alvaro,0.000106,boy
102605,1982,Harrison,0.000106,boy
102606,1982,Nathanial,0.000106,boy
102607,1982,Wallace,0.000106,boy
102608,1982,Bennie,0.000106,boy
102609,1982,Agustin,0.000105,boy
102610,1982,Issac,0.000105,boy
102611,1982,Morris,0.000105,boy
102612,1982,Riley,0.000105,boy
102613,1982,Rodrick,0.000105,boy
102614,1982,Scottie,0.000105,boy
102615,1982,Braden,0.000105,boy
102616,1982,Brant,0.000105,boy
102617,1982,Jeromy,0.000105,boy
102618,1982,Matt,0.000104,boy
102619,1982,Wilfredo,0.000104,boy
102620,1982,Tom,0.000103,boy
102621,1982,Trey,0.000103,boy
102622,1982,Kiel,0.000103,boy
102623,1982,Arron,0.000102,boy
102624,1982,Rudolph,0.000102,boy
102625,1982,Tobias,0.000102,boy
102626,1982,Aubrey,0.000101,boy
102627,1982,Raphael,0.000101,boy
102628,1982,Robby,0.000101,boy
102629,1982,Brain,0.0001,boy
102630,1982,Carson,0.0001,boy
102631,1982,Quinn,0.0001,boy
102632,1982,Jessica,0.0001,boy
102633,1982,Maxwell,0.0001,boy
102634,1982,Chance,9.9e-05,boy
102635,1982,Reggie,9.9e-05,boy
102636,1982,Marion,9.8e-05,boy
102637,1982,Timmy,9.8e-05,boy
102638,1982,Jennifer,9.7e-05,boy
102639,1982,Leland,9.7e-05,boy
102640,1982,Tommie,9.7e-05,boy
102641,1982,Cedrick,9.6e-05,boy
102642,1982,Curt,9.6e-05,boy
102643,1982,Jamison,9.6e-05,boy
102644,1982,Jerald,9.6e-05,boy
102645,1982,Mauricio,9.6e-05,boy
102646,1982,Santos,9.6e-05,boy
102647,1982,Abram,9.5e-05,boy
102648,1982,Bryson,9.4e-05,boy
102649,1982,Ezra,9.4e-05,boy
102650,1982,Mickey,9.4e-05,boy
102651,1982,Cary,9.4e-05,boy
102652,1982,Jered,9.4e-05,boy
102653,1982,Rico,9.3e-05,boy
102654,1982,Kristian,9.3e-05,boy
102655,1982,Leonel,9.3e-05,boy
102656,1982,Winston,9.3e-05,boy
102657,1982,Bart,9.2e-05,boy
102658,1982,Benito,9.2e-05,boy
102659,1982,Darrel,9.2e-05,boy
102660,1982,Jeramy,9.2e-05,boy
102661,1982,Buddy,9.2e-05,boy
102662,1982,Lane,9.2e-05,boy
102663,1982,Zackary,9.2e-05,boy
102664,1982,Brice,9.1e-05,boy
102665,1982,Dave,9.1e-05,boy
102666,1982,Davis,9.1e-05,boy
102667,1982,Keenan,9.1e-05,boy
102668,1982,Carey,9.1e-05,boy
102669,1982,Elvis,9.1e-05,boy
102670,1982,Vance,9.1e-05,boy
102671,1982,Daren,9e-05,boy
102672,1982,Demario,9e-05,boy
102673,1982,Dillon,8.9e-05,boy
102674,1982,Korey,8.9e-05,boy
102675,1982,Ervin,8.7e-05,boy
102676,1982,Jed,8.7e-05,boy
102677,1982,Laurence,8.7e-05,boy
102678,1982,Leif,8.7e-05,boy
102679,1982,Cristian,8.7e-05,boy
102680,1982,Markus,8.7e-05,boy
102681,1982,Wilbert,8.7e-05,boy
102682,1982,Bo,8.6e-05,boy
102683,1982,Antwon,8.5e-05,boy
102684,1982,Gregorio,8.4e-05,boy
102685,1982,Roosevelt,8.4e-05,boy
102686,1982,Titus,8.4e-05,boy
102687,1982,Chauncey,8.4e-05,boy
102688,1982,Jefferson,8.4e-05,boy
102689,1982,Kaleb,8.4e-05,boy
102690,1982,Archie,8.3e-05,boy
102691,1982,Carlo,8.3e-05,boy
102692,1982,Dereck,8.3e-05,boy
102693,1982,Denny,8.3e-05,boy
102694,1982,Garret,8.3e-05,boy
102695,1982,Jasen,8.3e-05,boy
102696,1982,Tyree,8.2e-05,boy
102697,1982,Tyrel,8.2e-05,boy
102698,1982,Heriberto,8.2e-05,boy
102699,1982,Jasper,8.2e-05,boy
102700,1982,Liam,8.2e-05,boy
102701,1982,Brennan,8.1e-05,boy
102702,1982,Derik,8.1e-05,boy
102703,1982,Myles,8.1e-05,boy
102704,1982,Tory,8.1e-05,boy
102705,1982,Whitney,8.1e-05,boy
102706,1982,Grady,8e-05,boy
102707,1982,Marcel,8e-05,boy
102708,1982,Rhett,8e-05,boy
102709,1982,Elmer,8e-05,boy
102710,1982,Mack,8e-05,boy
102711,1982,Judson,7.9e-05,boy
102712,1982,Parker,7.9e-05,boy
102713,1982,Jamil,7.9e-05,boy
102714,1982,Jedidiah,7.9e-05,boy
102715,1982,Josef,7.9e-05,boy
102716,1982,Alec,7.8e-05,boy
102717,1982,Kristoffer,7.8e-05,boy
102718,1982,Lukas,7.8e-05,boy
102719,1982,Jeremey,7.7e-05,boy
102720,1982,Nigel,7.7e-05,boy
102721,1982,Tremaine,7.7e-05,boy
102722,1982,Jeremie,7.6e-05,boy
102723,1982,Deshawn,7.6e-05,boy
102724,1982,Edmond,7.6e-05,boy
102725,1982,Kody,7.6e-05,boy
102726,1982,Scot,7.6e-05,boy
102727,1982,Cliff,7.5e-05,boy
102728,1982,Cyrus,7.5e-05,boy
102729,1982,Jan,7.5e-05,boy
102730,1982,Monte,7.5e-05,boy
102731,1982,Andrae,7.5e-05,boy
102732,1982,Danial,7.5e-05,boy
102733,1982,Davon,7.5e-05,boy
102734,1982,Horace,7.5e-05,boy
102735,1982,Hubert,7.5e-05,boy
102736,1982,Louie,7.5e-05,boy
102737,1982,Rickie,7.5e-05,boy
102738,1982,Stevie,7.5e-05,boy
102739,1982,Asa,7.4e-05,boy
102740,1982,Jeffry,7.4e-05,boy
102741,1982,Osvaldo,7.4e-05,boy
102742,1982,Zackery,7.4e-05,boy
102743,1982,Adolfo,7.4e-05,boy
102744,1982,Anwar,7.4e-05,boy
102745,1982,Ari,7.4e-05,boy
102746,1982,Domingo,7.4e-05,boy
102747,1982,Jaron,7.4e-05,boy
102748,1982,Aldo,7.3e-05,boy
102749,1982,Elton,7.3e-05,boy
102750,1982,Lindsey,7.3e-05,boy
102751,1982,Prince,7.3e-05,boy
102752,1982,Stacy,7.3e-05,boy
102753,1982,Tim,7.3e-05,boy
102754,1982,Amir,7.3e-05,boy
102755,1982,Mitchel,7.2e-05,boy
102756,1982,Nikolas,7.2e-05,boy
102757,1982,Rocco,7.2e-05,boy
102758,1982,Antony,7.1e-05,boy
102759,1982,Ken,7.1e-05,boy
102760,1982,Andrea,7.1e-05,boy
102761,1982,Nicholaus,7.1e-05,boy
102762,1982,Ahmed,7e-05,boy
102763,1982,Cortney,7e-05,boy
102764,1982,Michel,7e-05,boy
102765,1982,Jordon,7e-05,boy
102766,1982,Junior,7e-05,boy
102767,1982,Mikel,7e-05,boy
102768,1982,Shayne,7e-05,boy
102769,1982,Van,7e-05,boy
102770,1982,Darrick,6.9e-05,boy
102771,1982,Ezekiel,6.9e-05,boy
102772,1982,Jeramie,6.9e-05,boy
102773,1982,Willard,6.9e-05,boy
102774,1982,Cleveland,6.8e-05,boy
102775,1982,Jameson,6.8e-05,boy
102776,1982,Mohammad,6.8e-05,boy
102777,1982,Daron,6.8e-05,boy
102778,1982,Raheem,6.7e-05,boy
102779,1982,Deangelo,6.7e-05,boy
102780,1982,Galen,6.7e-05,boy
102781,1982,Kenton,6.7e-05,boy
102782,1982,Paris,6.7e-05,boy
102783,1982,Vaughn,6.7e-05,boy
102784,1982,Bennett,6.6e-05,boy
102785,1982,Federico,6.6e-05,boy
102786,1982,Gonzalo,6.6e-05,boy
102787,1982,Justen,6.6e-05,boy
102788,1982,Keon,6.6e-05,boy
102789,1982,Kris,6.6e-05,boy
102790,1982,Shelby,6.6e-05,boy
102791,1982,Antione,6.6e-05,boy
102792,1982,Mohammed,6.6e-05,boy
102793,1982,Octavio,6.6e-05,boy
102794,1982,Sarah,6.6e-05,boy
102795,1982,Tyron,6.6e-05,boy
102796,1982,Coleman,6.5e-05,boy
102797,1982,Ernie,6.5e-05,boy
102798,1982,Johnpaul,6.5e-05,boy
102799,1982,Lowell,6.5e-05,boy
102800,1982,Lynn,6.5e-05,boy
102801,1982,Ellis,6.5e-05,boy
102802,1982,Dario,6.4e-05,boy
102803,1982,Jacques,6.4e-05,boy
102804,1982,Keegan,6.4e-05,boy
102805,1982,Colton,6.4e-05,boy
102806,1982,Davin,6.4e-05,boy
102807,1982,Marlin,6.4e-05,boy
102808,1982,Brenden,6.3e-05,boy
102809,1982,Gino,6.3e-05,boy
102810,1982,Lincoln,6.3e-05,boy
102811,1982,Rufus,6.3e-05,boy
102812,1982,Cornell,6.3e-05,boy
102813,1982,Denver,6.3e-05,boy
102814,1982,Raymundo,6.3e-05,boy
102815,1982,Shelton,6.3e-05,boy
102816,1982,Al,6.2e-05,boy
102817,1982,Cortez,6.2e-05,boy
102818,1982,Javon,6.2e-05,boy
102819,1982,Lazaro,6.2e-05,boy
102820,1982,Russel,6.2e-05,boy
102821,1982,Carter,6.2e-05,boy
102822,1982,Christoper,6.2e-05,boy
102823,1982,Jedediah,6.2e-05,boy
102824,1982,Maria,6.2e-05,boy
102825,1982,Renaldo,6.2e-05,boy
102826,1982,Bernardo,6.1e-05,boy
102827,1982,Eliezer,6.1e-05,boy
102828,1982,German,6.1e-05,boy
102829,1982,Isiah,6.1e-05,boy
102830,1982,Hassan,6.1e-05,boy
102831,1982,Jamey,6.1e-05,boy
102832,1982,Percy,6.1e-05,boy
102833,1982,Silas,6.1e-05,boy
102834,1982,Dejuan,6e-05,boy
102835,1982,Efren,6e-05,boy
102836,1982,Estevan,5.9e-05,boy
102837,1982,Garrick,5.9e-05,boy
102838,1982,Malik,5.9e-05,boy
102839,1982,Amit,5.9e-05,boy
102840,1982,Deric,5.9e-05,boy
102841,1982,Sedrick,5.9e-05,boy
102842,1982,Wilfred,5.9e-05,boy
102843,1982,Emmett,5.8e-05,boy
102844,1982,Fidel,5.8e-05,boy
102845,1982,Jamin,5.8e-05,boy
102846,1982,Melissa,5.8e-05,boy
102847,1982,Moshe,5.8e-05,boy
102848,1982,Schuyler,5.8e-05,boy
102849,1982,Cristopher,5.8e-05,boy
102850,1982,Jace,5.8e-05,boy
102851,1982,Nestor,5.8e-05,boy
102852,1982,Alphonso,5.7e-05,boy
102853,1982,Brannon,5.7e-05,boy
102854,1982,Dewey,5.7e-05,boy
102855,1982,Elisha,5.7e-05,boy
102856,1982,Jerrell,5.7e-05,boy
102857,1982,Muhammad,5.7e-05,boy
102858,1982,Shea,5.7e-05,boy
102859,1982,Amanda,5.7e-05,boy
102860,1982,Delbert,5.7e-05,boy
102861,1982,Ronny,5.7e-05,boy
102862,1982,Torrey,5.7e-05,boy
102863,1982,Edwardo,5.6e-05,boy
102864,1982,Kelsey,5.6e-05,boy
102865,1982,Aric,5.6e-05,boy
102866,1982,Elvin,5.6e-05,boy
102867,1982,Errol,5.6e-05,boy
102868,1982,Gerry,5.6e-05,boy
102869,1982,Kraig,5.6e-05,boy
102870,1982,Ulysses,5.6e-05,boy
102871,1982,Cristobal,5.5e-05,boy
102872,1982,Randell,5.5e-05,boy
102873,1982,Rashawn,5.5e-05,boy
102874,1982,August,5.5e-05,boy
102875,1982,Donta,5.5e-05,boy
102876,1982,Eloy,5.5e-05,boy
102877,1982,Rasheed,5.5e-05,boy
102878,1982,Skylar,5.5e-05,boy
102879,1982,Vito,5.5e-05,boy
102880,1982,Brandt,5.4e-05,boy
102881,1982,Cruz,5.4e-05,boy
102882,1982,Dontae,5.4e-05,boy
102883,1982,Ezequiel,5.4e-05,boy
102884,1982,Isidro,5.4e-05,boy
102885,1982,Chet,5.4e-05,boy
102886,1982,Eliseo,5.4e-05,boy
102887,1982,Giuseppe,5.4e-05,boy
102888,1982,Rodger,5.4e-05,boy
102889,1982,Theron,5.4e-05,boy
102890,1982,Tremayne,5.4e-05,boy
102891,1982,Augustine,5.3e-05,boy
102892,1982,Boyd,5.3e-05,boy
102893,1982,Broderick,5.3e-05,boy
102894,1982,Jarad,5.3e-05,boy
102895,1982,Jarret,5.3e-05,boy
102896,1982,Jude,5.3e-05,boy
102897,1982,Ashton,5.3e-05,boy
102898,1982,Buck,5.3e-05,boy
102899,1982,Garland,5.2e-05,boy
102900,1982,Garth,5.2e-05,boy
102901,1982,Greggory,5.2e-05,boy
102902,1982,Kip,5.2e-05,boy
102903,1982,Lenny,5.2e-05,boy
102904,1982,Stacey,5.2e-05,boy
102905,1982,Billie,5.1e-05,boy
102906,1982,Britton,5.1e-05,boy
102907,1982,Dirk,5.1e-05,boy
102908,1982,Johathan,5.1e-05,boy
102909,1982,Mohamed,5.1e-05,boy
102910,1982,Shad,5.1e-05,boy
102911,1982,Kim,5.1e-05,boy
102912,1982,Marcelino,5.1e-05,boy
102913,1982,Ramsey,5.1e-05,boy
102914,1982,Wilbur,5.1e-05,boy
102915,1982,Brandan,5e-05,boy
102916,1982,Bronson,5e-05,boy
102917,1982,Demond,5e-05,boy
102918,1982,Jessy,5e-05,boy
102919,1982,Tucker,5e-05,boy
102920,1982,Darron,5e-05,boy
102921,1982,Duncan,5e-05,boy
102922,1982,Garett,5e-05,boy
102923,1982,Jayme,5e-05,boy
102924,1982,Kai,5e-05,boy
102925,1982,Monty,5e-05,boy
102926,1982,Chaim,4.9e-05,boy
102927,1982,Dalton,4.9e-05,boy
102928,1982,Darrius,4.9e-05,boy
102929,1982,Eddy,4.9e-05,boy
102930,1982,Jade,4.9e-05,boy
102931,1982,Coy,4.9e-05,boy
102932,1982,Derrell,4.9e-05,boy
102933,1982,Harlan,4.9e-05,boy
102934,1982,Jarrad,4.9e-05,boy
102935,1982,Johnson,4.9e-05,boy
102936,1982,Tuan,4.9e-05,boy
102937,1982,Abdul,4.8e-05,boy
102938,1982,Bob,4.8e-05,boy
102939,1982,Cale,4.8e-05,boy
102940,1982,Genaro,4.8e-05,boy
102941,1982,Anderson,4.8e-05,boy
102942,1982,Chandler,4.8e-05,boy
102943,1982,Elbert,4.8e-05,boy
102944,1982,Isaias,4.8e-05,boy
102945,1982,Judd,4.8e-05,boy
102946,1982,Kelley,4.8e-05,boy
102947,1982,Laron,4.8e-05,boy
102948,1982,Samir,4.8e-05,boy
102949,1982,Cullen,4.7e-05,boy
102950,1982,Nathen,4.7e-05,boy
102951,1982,Yoel,4.7e-05,boy
102952,1982,Andreas,4.7e-05,boy
102953,1982,Arnulfo,4.7e-05,boy
102954,1982,Elizabeth,4.7e-05,boy
102955,1982,Erwin,4.7e-05,boy
102956,1982,Francesco,4.7e-05,boy
102957,1982,Hung,4.7e-05,boy
102958,1982,Jerimiah,4.7e-05,boy
102959,1982,Keven,4.7e-05,boy
102960,1982,Chadrick,4.6e-05,boy
102961,1982,Darwin,4.6e-05,boy
102962,1982,Eliot,4.6e-05,boy
102963,1982,Orion,4.6e-05,boy
102964,1982,Tavares,4.6e-05,boy
102965,1982,Uriah,4.6e-05,boy
102966,1982,Woodrow,4.6e-05,boy
102967,1982,Adrain,4.6e-05,boy
102968,1982,Chadd,4.6e-05,boy
102969,1982,Dedrick,4.6e-05,boy
102970,1982,Denis,4.6e-05,boy
102971,1982,Marcello,4.6e-05,boy
102972,1982,Vince,4.6e-05,boy
102973,1982,Aurelio,4.5e-05,boy
102974,1982,Bert,4.5e-05,boy
102975,1982,Connor,4.5e-05,boy
102976,1982,Demarco,4.5e-05,boy
102977,1982,Long,4.5e-05,boy
102978,1982,Mitch,4.5e-05,boy
102979,1982,Valentin,4.5e-05,boy
102980,1982,Alden,4.5e-05,boy
102981,1982,Kennith,4.5e-05,boy
102982,1982,Lamarcus,4.5e-05,boy
102983,1982,Lindsay,4.5e-05,boy
102984,1982,Nicole,4.5e-05,boy
102985,1982,Norberto,4.5e-05,boy
102986,1982,Constantine,4.4e-05,boy
102987,1982,Justine,4.4e-05,boy
102988,1982,Juston,4.4e-05,boy
102989,1982,Reinaldo,4.4e-05,boy
102990,1982,Samson,4.4e-05,boy
102991,1982,Tye,4.4e-05,boy
102992,1982,Cooper,4.4e-05,boy
102993,1982,Emery,4.4e-05,boy
102994,1982,Emil,4.4e-05,boy
102995,1982,Eugenio,4.4e-05,boy
102996,1982,Hank,4.4e-05,boy
102997,1982,Huy,4.4e-05,boy
102998,1982,Jereme,4.4e-05,boy
102999,1982,Jermey,4.4e-05,boy
103000,1983,Michael,0.036506,boy
103001,1983,Christopher,0.031921,boy
103002,1983,Matthew,0.026959,boy
103003,1983,David,0.021043,boy
103004,1983,Joshua,0.019708,boy
103005,1983,James,0.019511,boy
103006,1983,Jason,0.018855,boy
103007,1983,Daniel,0.018652,boy
103008,1983,John,0.017808,boy
103009,1983,Robert,0.017584,boy
103010,1983,Joseph,0.016343,boy
103011,1983,Justin,0.015199,boy
103012,1983,Ryan,0.014943,boy
103013,1983,Brian,0.013989,boy
103014,1983,Andrew,0.01372,boy
103015,1983,William,0.013625,boy
103016,1983,Brandon,0.012631,boy
103017,1983,Adam,0.012613,boy
103018,1983,Jonathan,0.012214,boy
103019,1983,Eric,0.010921,boy
103020,1983,Nicholas,0.010674,boy
103021,1983,Anthony,0.010643,boy
103022,1983,Steven,0.00983,boy
103023,1983,Thomas,0.009431,boy
103024,1983,Kevin,0.00933,boy
103025,1983,Timothy,0.008786,boy
103026,1983,Richard,0.008532,boy
103027,1983,Jeffrey,0.008399,boy
103028,1983,Aaron,0.007766,boy
103029,1983,Jeremy,0.007658,boy
103030,1983,Mark,0.007409,boy
103031,1983,Benjamin,0.00713,boy
103032,1983,Charles,0.007094,boy
103033,1983,Kyle,0.006645,boy
103034,1983,Stephen,0.006212,boy
103035,1983,Jacob,0.005902,boy
103036,1983,Patrick,0.005837,boy
103037,1983,Scott,0.005821,boy
103038,1983,Paul,0.005807,boy
103039,1983,Nathan,0.005662,boy
103040,1983,Travis,0.005627,boy
103041,1983,Gregory,0.005355,boy
103042,1983,Dustin,0.005199,boy
103043,1983,Sean,0.005159,boy
103044,1983,Kenneth,0.004816,boy
103045,1983,Jesse,0.004549,boy
103046,1983,Bryan,0.004401,boy
103047,1983,Jose,0.004334,boy
103048,1983,Chad,0.003967,boy
103049,1983,Zachary,0.003919,boy
103050,1983,Derek,0.00375,boy
103051,1983,Bradley,0.003618,boy
103052,1983,Shawn,0.003416,boy
103053,1983,Samuel,0.003323,boy
103054,1983,Edward,0.003222,boy
103055,1983,Jared,0.00314,boy
103056,1983,Tyler,0.003122,boy
103057,1983,Marcus,0.003025,boy
103058,1983,Peter,0.002944,boy
103059,1983,Donald,0.002862,boy
103060,1983,Keith,0.002856,boy
103061,1983,Juan,0.002624,boy
103062,1983,Alexander,0.002573,boy
103063,1983,Ronald,0.002525,boy
103064,1983,George,0.002409,boy
103065,1983,Phillip,0.002397,boy
103066,1983,Joel,0.002331,boy
103067,1983,Gary,0.002292,boy
103068,1983,Douglas,0.002246,boy
103069,1983,Craig,0.002196,boy
103070,1983,Jordan,0.002153,boy
103071,1983,Raymond,0.002151,boy
103072,1983,Brett,0.002134,boy
103073,1983,Corey,0.002133,boy
103074,1983,Carlos,0.002095,boy
103075,1983,Antonio,0.001977,boy
103076,1983,Ian,0.001969,boy
103077,1983,Derrick,0.001964,boy
103078,1983,Nathaniel,0.001956,boy
103079,1983,Erik,0.001952,boy
103080,1983,Cody,0.001879,boy
103081,1983,Philip,0.001872,boy
103082,1983,Cory,0.001826,boy
103083,1983,Shane,0.001826,boy
103084,1983,Larry,0.001819,boy
103085,1983,Frank,0.001803,boy
103086,1983,Todd,0.001787,boy
103087,1983,Luis,0.001778,boy
103088,1983,Gabriel,0.001754,boy
103089,1983,Casey,0.001735,boy
103090,1983,Jeffery,0.001693,boy
103091,1983,Dennis,0.001636,boy
103092,1983,Evan,0.001635,boy
103093,1983,Brent,0.001626,boy
103094,1983,Victor,0.001593,boy
103095,1983,Randy,0.001567,boy
103096,1983,Vincent,0.001552,boy
103097,1983,Seth,0.001533,boy
103098,1983,Jeremiah,0.001527,boy
103099,1983,Curtis,0.001526,boy
103100,1983,Wesley,0.001498,boy
103101,1983,Alan,0.001487,boy
103102,1983,Jerry,0.00148,boy
103103,1983,Russell,0.001473,boy
103104,1983,Luke,0.001423,boy
103105,1983,Carl,0.001399,boy
103106,1983,Adrian,0.001366,boy
103107,1983,Jesus,0.001346,boy
103108,1983,Blake,0.00134,boy
103109,1983,Terry,0.001326,boy
103110,1983,Shaun,0.001324,boy
103111,1983,Christian,0.001297,boy
103112,1983,Troy,0.00129,boy
103113,1983,Miguel,0.001277,boy
103114,1983,Mario,0.001273,boy
103115,1983,Johnny,0.001272,boy
103116,1983,Lucas,0.001266,boy
103117,1983,Bobby,0.001265,boy
103118,1983,Tony,0.001263,boy
103119,1983,Allen,0.001205,boy
103120,1983,Ricardo,0.001169,boy
103121,1983,Martin,0.001166,boy
103122,1983,Billy,0.001155,boy
103123,1983,Alex,0.001153,boy
103124,1983,Marc,0.001122,boy
103125,1983,Jimmy,0.001119,boy
103126,1983,Andre,0.001118,boy
103127,1983,Ricky,0.001117,boy
103128,1983,Randall,0.001105,boy
103129,1983,Trevor,0.0011,boy
103130,1983,Austin,0.001096,boy
103131,1983,Lawrence,0.001089,boy
103132,1983,Danny,0.001082,boy
103133,1983,Kristopher,0.001082,boy
103134,1983,Lance,0.001053,boy
103135,1983,Henry,0.001046,boy
103136,1983,Johnathan,0.001035,boy
103137,1983,Lee,0.00103,boy
103138,1983,Micheal,0.001026,boy
103139,1983,Jorge,0.001023,boy
103140,1983,Clinton,0.00102,boy
103141,1983,Devin,0.001016,boy
103142,1983,Mitchell,0.001009,boy
103143,1983,Mathew,0.001003,boy
103144,1983,Roger,0.001003,boy
103145,1983,Manuel,0.001001,boy
103146,1983,Jon,0.000979,boy
103147,1983,Chase,0.000978,boy
103148,1983,Albert,0.000976,boy
103149,1983,Francisco,0.000976,boy
103150,1983,Isaac,0.000963,boy
103151,1983,Roberto,0.000953,boy
103152,1983,Jamie,0.000951,boy
103153,1983,Walter,0.000949,boy
103154,1983,Willie,0.000946,boy
103155,1983,Louis,0.000944,boy
103156,1983,Arthur,0.000936,boy
103157,1983,Clayton,0.000927,boy
103158,1983,Caleb,0.00092,boy
103159,1983,Jonathon,0.000909,boy
103160,1983,Rodney,0.000909,boy
103161,1983,Maurice,0.000905,boy
103162,1983,Joe,0.000866,boy
103163,1983,Darren,0.000858,boy
103164,1983,Jermaine,0.000839,boy
103165,1983,Colin,0.000837,boy
103166,1983,Grant,0.000833,boy
103167,1983,Gerald,0.000832,boy
103168,1983,Noah,0.000827,boy
103169,1983,Jay,0.000826,boy
103170,1983,Wayne,0.000822,boy
103171,1983,Jack,0.000816,boy
103172,1983,Garrett,0.000815,boy
103173,1983,Ruben,0.000802,boy
103174,1983,Brad,0.000789,boy
103175,1983,Roy,0.00078,boy
103176,1983,Cameron,0.000776,boy
103177,1983,Bruce,0.000772,boy
103178,1983,Frederick,0.000772,boy
103179,1983,Calvin,0.000767,boy
103180,1983,Javier,0.00076,boy
103181,1983,Drew,0.000737,boy
103182,1983,Hector,0.000735,boy
103183,1983,Oscar,0.000735,boy
103184,1983,Angel,0.000723,boy
103185,1983,Ross,0.000722,boy
103186,1983,Alejandro,0.000716,boy
103187,1983,Darrell,0.000715,boy
103188,1983,Geoffrey,0.000709,boy
103189,1983,Fernando,0.000686,boy
103190,1983,Brendan,0.000684,boy
103191,1983,Reginald,0.000681,boy
103192,1983,Omar,0.000681,boy
103193,1983,Jerome,0.00066,boy
103194,1983,Jaime,0.000657,boy
103195,1983,Neil,0.000657,boy
103196,1983,Terrance,0.000643,boy
103197,1983,Edwin,0.000642,boy
103198,1983,Ernest,0.00064,boy
103199,1983,Ronnie,0.000639,boy
103200,1983,Rafael,0.000637,boy
103201,1983,Marvin,0.000629,boy
103202,1983,Eddie,0.000628,boy
103203,1983,Jessie,0.000624,boy
103204,1983,Sergio,0.000623,boy
103205,1983,Theodore,0.00062,boy
103206,1983,Tyrone,0.000616,boy
103207,1983,Raul,0.000612,boy
103208,1983,Cole,0.000598,boy
103209,1983,Eugene,0.000591,boy
103210,1983,Leonard,0.000591,boy
103211,1983,Dale,0.000588,boy
103212,1983,Pedro,0.000584,boy
103213,1983,Ramon,0.000571,boy
103214,1983,Steve,0.000571,boy
103215,1983,Taylor,0.000566,boy
103216,1983,Dominic,0.000566,boy
103217,1983,Kelly,0.000566,boy
103218,1983,Micah,0.000558,boy
103219,1983,Ivan,0.000557,boy
103220,1983,Byron,0.000554,boy
103221,1983,Glenn,0.000544,boy
103222,1983,Terrence,0.000541,boy
103223,1983,Tommy,0.00054,boy
103224,1983,Barry,0.000534,boy
103225,1983,Alberto,0.000527,boy
103226,1983,Armando,0.000526,boy
103227,1983,Darryl,0.000523,boy
103228,1983,Clifford,0.000523,boy
103229,1983,Eduardo,0.000521,boy
103230,1983,Kurt,0.000521,boy
103231,1983,Levi,0.000516,boy
103232,1983,Jarrod,0.000516,boy
103233,1983,Francis,0.000515,boy
103234,1983,Dwayne,0.000513,boy
103235,1983,Melvin,0.000509,boy
103236,1983,Spencer,0.000506,boy
103237,1983,Nicolas,0.000505,boy
103238,1983,Harold,0.000504,boy
103239,1983,Andres,0.000501,boy
103240,1983,Julian,0.0005,boy
103241,1983,Karl,0.000491,boy
103242,1983,Stanley,0.000486,boy
103243,1983,Marco,0.000485,boy
103244,1983,Edgar,0.000481,boy
103245,1983,Shannon,0.000474,boy
103246,1983,Erick,0.000463,boy
103247,1983,Tristan,0.000458,boy
103248,1983,Ralph,0.000454,boy
103249,1983,Andy,0.000449,boy
103250,1983,Marshall,0.000448,boy
103251,1983,Dane,0.000447,boy
103252,1983,Tyson,0.000445,boy
103253,1983,Preston,0.00044,boy
103254,1983,Warren,0.000439,boy
103255,1983,Rene,0.000435,boy
103256,1983,Clint,0.000435,boy
103257,1983,Alfred,0.000434,boy
103258,1983,Cedric,0.000432,boy
103259,1983,Clarence,0.000427,boy
103260,1983,Joey,0.000425,boy
103261,1983,Damien,0.000424,boy
103262,1983,Cesar,0.000422,boy
103263,1983,Leon,0.000421,boy
103264,1983,Logan,0.000419,boy
103265,1983,Dylan,0.000417,boy
103266,1983,Enrique,0.000415,boy
103267,1983,Abraham,0.000413,boy
103268,1983,Earl,0.000413,boy
103269,1983,Jake,0.000413,boy
103270,1983,Julio,0.000411,boy
103271,1983,Ray,0.00041,boy
103272,1983,Gilbert,0.000407,boy
103273,1983,Antoine,0.000406,boy
103274,1983,Harry,0.000405,boy
103275,1983,Devon,0.000402,boy
103276,1983,Dean,0.000401,boy
103277,1983,Franklin,0.000396,boy
103278,1983,Quentin,0.000394,boy
103279,1983,Howard,0.000391,boy
103280,1983,Arturo,0.00039,boy
103281,1983,Ethan,0.00039,boy
103282,1983,Emmanuel,0.000385,boy
103283,1983,Gerardo,0.000384,boy
103284,1983,Terrell,0.000384,boy
103285,1983,Alfredo,0.000383,boy
103286,1983,Courtney,0.00038,boy
103287,1983,Alvin,0.000379,boy
103288,1983,Bryce,0.000379,boy
103289,1983,Bryant,0.000372,boy
103290,1983,Orlando,0.00037,boy
103291,1983,Demetrius,0.000369,boy
103292,1983,Gavin,0.000369,boy
103293,1983,Roderick,0.000365,boy
103294,1983,Marcos,0.000361,boy
103295,1983,Elijah,0.00036,boy
103296,1983,Kelvin,0.000357,boy
103297,1983,Lorenzo,0.000355,boy
103298,1983,Alexis,0.000354,boy
103299,1983,Daryl,0.000351,boy
103300,1983,Colby,0.000351,boy
103301,1983,Heath,0.00035,boy
103302,1983,Nickolas,0.000348,boy
103303,1983,Chris,0.000347,boy
103304,1983,Quinton,0.000347,boy
103305,1983,Darnell,0.000346,boy
103306,1983,Ernesto,0.000345,boy
103307,1983,Bernard,0.000343,boy
103308,1983,Branden,0.000343,boy
103309,1983,Stuart,0.000341,boy
103310,1983,Kirk,0.00034,boy
103311,1983,Nelson,0.000338,boy
103312,1983,Norman,0.000336,boy
103313,1983,Morgan,0.000334,boy
103314,1983,Salvador,0.000332,boy
103315,1983,Angelo,0.000331,boy
103316,1983,Clifton,0.000328,boy
103317,1983,Damon,0.000322,boy
103318,1983,Wade,0.000322,boy
103319,1983,Lamar,0.000322,boy
103320,1983,Lewis,0.00032,boy
103321,1983,Ashley,0.000319,boy
103322,1983,Israel,0.000317,boy
103323,1983,Allan,0.000317,boy
103324,1983,Elliott,0.000312,boy
103325,1983,Landon,0.000312,boy
103326,1983,Jamaal,0.000311,boy
103327,1983,Julius,0.000311,boy
103328,1983,Neal,0.000308,boy
103329,1983,Elliot,0.000301,boy
103330,1983,Vernon,0.000301,boy
103331,1983,Johnathon,0.0003,boy
103332,1983,Beau,0.000299,boy
103333,1983,Kent,0.000298,boy
103334,1983,Charlie,0.000297,boy
103335,1983,Isaiah,0.000297,boy
103336,1983,Kenny,0.000295,boy
103337,1983,Fred,0.000293,boy
103338,1983,Damian,0.000291,boy
103339,1983,Dwight,0.000289,boy
103340,1983,Rory,0.000288,boy
103341,1983,Duane,0.000285,boy
103342,1983,Max,0.000283,boy
103343,1983,Glen,0.000283,boy
103344,1983,Graham,0.000283,boy
103345,1983,Terence,0.000282,boy
103346,1983,Leroy,0.000281,boy
103347,1983,Trent,0.00028,boy
103348,1983,Lonnie,0.000279,boy
103349,1983,Eli,0.000277,boy
103350,1983,Rudy,0.00027,boy
103351,1983,Brady,0.00027,boy
103352,1983,Bret,0.00027,boy
103353,1983,Jayson,0.000269,boy
103354,1983,Derick,0.000268,boy
103355,1983,Rickey,0.000268,boy
103356,1983,Gordon,0.000266,boy
103357,1983,Collin,0.000264,boy
103358,1983,Fredrick,0.000264,boy
103359,1983,Darius,0.000262,boy
103360,1983,Rocky,0.000261,boy
103361,1983,Felix,0.000261,boy
103362,1983,Bradford,0.000258,boy
103363,1983,Herbert,0.000258,boy
103364,1983,Jamar,0.000257,boy
103365,1983,Don,0.000256,boy
103366,1983,Dana,0.000256,boy
103367,1983,Pablo,0.000256,boy
103368,1983,Rodolfo,0.000255,boy
103369,1983,Xavier,0.000255,boy
103370,1983,Lloyd,0.000253,boy
103371,1983,Kendrick,0.000251,boy
103372,1983,Jamal,0.00025,boy
103373,1983,Felipe,0.000249,boy
103374,1983,Noel,0.000248,boy
103375,1983,Simon,0.000248,boy
103376,1983,Dallas,0.000246,boy
103377,1983,Jarvis,0.000243,boy
103378,1983,Nolan,0.000241,boy
103379,1983,Perry,0.000238,boy
103380,1983,Zachariah,0.000237,boy
103381,1983,Brock,0.000235,boy
103382,1983,Rick,0.000235,boy
103383,1983,Jarrett,0.000233,boy
103384,1983,Oliver,0.000233,boy
103385,1983,Ben,0.000231,boy
103386,1983,Darin,0.000231,boy
103387,1983,Trenton,0.000231,boy
103388,1983,Rolando,0.00023,boy
103389,1983,Leo,0.000229,boy
103390,1983,Abel,0.000229,boy
103391,1983,Donnie,0.000228,boy
103392,1983,Ismael,0.000228,boy
103393,1983,Loren,0.000226,boy
103394,1983,Alfonso,0.000225,boy
103395,1983,Guillermo,0.000225,boy
103396,1983,Lionel,0.000225,boy
103397,1983,Marquis,0.000223,boy
103398,1983,Leslie,0.000222,boy
103399,1983,Emanuel,0.000221,boy
103400,1983,Greg,0.000221,boy
103401,1983,Robin,0.000221,boy
103402,1983,Freddie,0.00022,boy
103403,1983,Pierre,0.00022,boy
103404,1983,Josiah,0.000217,boy
103405,1983,Roland,0.000217,boy
103406,1983,Marlon,0.000216,boy
103407,1983,Tanner,0.000216,boy
103408,1983,Lester,0.000213,boy
103409,1983,Kurtis,0.000211,boy
103410,1983,Gilberto,0.00021,boy
103411,1983,Jeff,0.000209,boy
103412,1983,Elias,0.000209,boy
103413,1983,Roman,0.000207,boy
103414,1983,Cornelius,0.000207,boy
103415,1983,Jimmie,0.000207,boy
103416,1983,Carlton,0.000206,boy
103417,1983,Kellen,0.000206,boy
103418,1983,Kerry,0.000206,boy
103419,1983,Toby,0.000206,boy
103420,1983,Saul,0.000204,boy
103421,1983,Gustavo,0.000201,boy
103422,1983,Gene,0.0002,boy
103423,1983,Clay,0.0002,boy
103424,1983,Milton,0.0002,boy
103425,1983,Jerrod,0.000199,boy
103426,1983,Jarred,0.000197,boy
103427,1983,Johnnie,0.000197,boy
103428,1983,Antwan,0.000196,boy
103429,1983,Quincy,0.000196,boy
103430,1983,Fabian,0.000195,boy
103431,1983,Dante,0.000194,boy
103432,1983,Rusty,0.000194,boy
103433,1983,Sam,0.000193,boy
103434,1983,Stephan,0.000193,boy
103435,1983,Kendall,0.000192,boy
103436,1983,Owen,0.000192,boy
103437,1983,Desmond,0.000191,boy
103438,1983,Floyd,0.000191,boy
103439,1983,Hunter,0.000191,boy
103440,1983,Nathanael,0.000191,boy
103441,1983,Josue,0.00019,boy
103442,1983,Herman,0.000189,boy
103443,1983,Jarod,0.000189,boy
103444,1983,Colt,0.000188,boy
103445,1983,Frankie,0.000186,boy
103446,1983,Miles,0.000186,boy
103447,1983,Zachery,0.000185,boy
103448,1983,Marques,0.000184,boy
103449,1983,Esteban,0.000184,boy
103450,1983,Guy,0.000184,boy
103451,1983,Ty,0.000181,boy
103452,1983,Rogelio,0.000179,boy
103453,1983,Moses,0.000178,boy
103454,1983,Darrin,0.000178,boy
103455,1983,Deandre,0.000178,boy
103456,1983,Jody,0.000178,boy
103457,1983,Randolph,0.000177,boy
103458,1983,Sidney,0.000177,boy
103459,1983,Donte,0.000177,boy
103460,1983,Jackie,0.000177,boy
103461,1983,Jameson,0.000176,boy
103462,1983,Tracy,0.000175,boy
103463,1983,Ramiro,0.000175,boy
103464,1983,Alonzo,0.000173,boy
103465,1983,Clark,0.000171,boy
103466,1983,Jamel,0.000171,boy
103467,1983,Dominique,0.000171,boy
103468,1983,Dewayne,0.00017,boy
103469,1983,Lamont,0.00017,boy
103470,1983,Ariel,0.000169,boy
103471,1983,Kory,0.000169,boy
103472,1983,Bryon,0.000168,boy
103473,1983,Kareem,0.000168,boy
103474,1983,Forrest,0.000168,boy
103475,1983,Salvatore,0.000168,boy
103476,1983,Scotty,0.000168,boy
103477,1983,Dominick,0.000167,boy
103478,1983,Weston,0.000167,boy
103479,1983,Cecil,0.000166,boy
103480,1983,Chadwick,0.000166,boy
103481,1983,Dusty,0.000166,boy
103482,1983,Jess,0.000164,boy
103483,1983,Mike,0.000164,boy
103484,1983,Brooks,0.000163,boy
103485,1983,Gerard,0.000163,boy
103486,1983,Ted,0.000161,boy
103487,1983,Josh,0.00016,boy
103488,1983,Everett,0.000159,boy
103489,1983,Tomas,0.000159,boy
103490,1983,Aron,0.000158,boy
103491,1983,Sheldon,0.000158,boy
103492,1983,Chester,0.000156,boy
103493,1983,Hugo,0.000156,boy
103494,1983,Clyde,0.000155,boy
103495,1983,Moises,0.000155,boy
103496,1983,Reid,0.000155,boy
103497,1983,Myron,0.000154,boy
103498,1983,Reynaldo,0.000152,boy
103499,1983,Dan,0.000149,boy
103500,1983,Demarcus,0.000149,boy
103501,1983,Diego,0.000149,boy
103502,1983,Jean,0.000149,boy
103503,1983,Kiel,0.000149,boy
103504,1983,Wendell,0.000149,boy
103505,1983,Donovan,0.000148,boy
103506,1983,Jim,0.000148,boy
103507,1983,Jonas,0.000148,boy
103508,1983,Sterling,0.000148,boy
103509,1983,Jerod,0.000147,boy
103510,1983,Jackson,0.000145,boy
103511,1983,Robbie,0.000145,boy
103512,1983,Anton,0.000143,boy
103513,1983,Blaine,0.000142,boy
103514,1983,Leonardo,0.000142,boy
103515,1983,Garry,0.000141,boy
103516,1983,Guadalupe,0.00014,boy
103517,1983,Jonah,0.00014,boy
103518,1983,Harvey,0.000139,boy
103519,1983,Arnold,0.000138,boy
103520,1983,Nick,0.000138,boy
103521,1983,Stefan,0.000138,boy
103522,1983,Sammy,0.000137,boy
103523,1983,Chaz,0.000135,boy
103524,1983,Efrain,0.000135,boy
103525,1983,Brenton,0.000135,boy
103526,1983,Sherman,0.000135,boy
103527,1983,Tyrell,0.000134,boy
103528,1983,Lyle,0.000133,boy
103529,1983,Quintin,0.000133,boy
103530,1983,Wilson,0.000133,boy
103531,1983,Rex,0.000132,boy
103532,1983,Stewart,0.000132,boy
103533,1983,Vicente,0.000132,boy
103534,1983,Dion,0.000131,boy
103535,1983,Kristofer,0.000131,boy
103536,1983,Skyler,0.000131,boy
103537,1983,Avery,0.000131,boy
103538,1983,Jerad,0.000131,boy
103539,1983,Giovanni,0.00013,boy
103540,1983,Brendon,0.000129,boy
103541,1983,Mason,0.000129,boy
103542,1983,Reuben,0.000128,boy
103543,1983,Alton,0.000128,boy
103544,1983,Blair,0.000127,boy
103545,1983,Adan,0.000125,boy
103546,1983,Ira,0.000125,boy
103547,1983,Santiago,0.000125,boy
103548,1983,Erich,0.000125,boy
103549,1983,Chance,0.000124,boy
103550,1983,Freddy,0.000124,boy
103551,1983,Joaquin,0.000124,boy
103552,1983,Randal,0.000124,boy
103553,1983,Taurean,0.000124,boy
103554,1983,Ali,0.000124,boy
103555,1983,Amos,0.000123,boy
103556,1983,Dillon,0.000122,boy
103557,1983,Trey,0.000121,boy
103558,1983,Zackary,0.000121,boy
103559,1983,Harrison,0.000121,boy
103560,1983,Keenan,0.000121,boy
103561,1983,Matt,0.00012,boy
103562,1983,Riley,0.00012,boy
103563,1983,Thaddeus,0.00012,boy
103564,1983,Will,0.00012,boy
103565,1983,Barrett,0.000119,boy
103566,1983,Malcolm,0.000119,boy
103567,1983,Solomon,0.000119,boy
103568,1983,Dexter,0.000118,boy
103569,1983,Maxwell,0.000118,boy
103570,1983,Emilio,0.000118,boy
103571,1983,Donnell,0.000117,boy
103572,1983,Noe,0.000117,boy
103573,1983,Dorian,0.000116,boy
103574,1983,Rashad,0.000116,boy
103575,1983,Benny,0.000115,boy
103576,1983,Erin,0.000115,boy
103577,1983,Luther,0.000114,boy
103578,1983,Conrad,0.000114,boy
103579,1983,Harley,0.000114,boy
103580,1983,Joesph,0.000113,boy
103581,1983,Earnest,0.000113,boy
103582,1983,Humberto,0.000113,boy
103583,1983,Rigoberto,0.000113,boy
103584,1983,Leland,0.000112,boy
103585,1983,Marty,0.000112,boy
103586,1983,Ignacio,0.000112,boy
103587,1983,Parker,0.000112,boy
103588,1983,Zane,0.000112,boy
103589,1983,Issac,0.000111,boy
103590,1983,Mickey,0.000111,boy
103591,1983,Korey,0.000111,boy
103592,1983,Marcel,0.000111,boy
103593,1983,Reed,0.000111,boy
103594,1983,Rodrigo,0.000111,boy
103595,1983,Wallace,0.000111,boy
103596,1983,Alec,0.00011,boy
103597,1983,Otis,0.00011,boy
103598,1983,Pete,0.00011,boy
103599,1983,Wyatt,0.00011,boy
103600,1983,Bill,0.000109,boy
103601,1983,Brant,0.000109,boy
103602,1983,Willis,0.000109,boy
103603,1983,Alvaro,0.000107,boy
103604,1983,Hugh,0.000107,boy
103605,1983,Kasey,0.000107,boy
103606,1983,Tom,0.000107,boy
103607,1983,Vance,0.000106,boy
103608,1983,Jovan,0.000106,boy
103609,1983,Garret,0.000105,boy
103610,1983,Jennifer,0.000105,boy
103611,1983,Santos,0.000105,boy
103612,1983,Teddy,0.000105,boy
103613,1983,Jessica,0.000104,boy
103614,1983,Bradly,0.000104,boy
103615,1983,Conor,0.000104,boy
103616,1983,Akeem,0.000103,boy
103617,1983,Sebastian,0.000103,boy
103618,1983,Aubrey,0.000102,boy
103619,1983,Demario,0.000102,boy
103620,1983,Deon,0.000102,boy
103621,1983,Deangelo,0.000101,boy
103622,1983,Brain,0.0001,boy
103623,1983,Gregg,0.0001,boy
103624,1983,Arron,9.9e-05,boy
103625,1983,Jamison,9.9e-05,boy
103626,1983,Morris,9.9e-05,boy
103627,1983,Carson,9.9e-05,boy
103628,1983,Waylon,9.9e-05,boy
103629,1983,Claude,9.8e-05,boy
103630,1983,Wilfredo,9.8e-05,boy
103631,1983,Brennan,9.8e-05,boy
103632,1983,Elvis,9.8e-05,boy
103633,1983,Sylvester,9.8e-05,boy
103634,1983,Agustin,9.7e-05,boy
103635,1983,Darrel,9.7e-05,boy
103636,1983,Edmund,9.7e-05,boy
103637,1983,Nathanial,9.6e-05,boy
103638,1983,Brice,9.6e-05,boy
103639,1983,Bryson,9.6e-05,boy
103640,1983,Damion,9.6e-05,boy
103641,1983,Ron,9.6e-05,boy
103642,1983,Ahmad,9.5e-05,boy
103643,1983,Markus,9.5e-05,boy
103644,1983,Raphael,9.5e-05,boy
103645,1983,Quinn,9.4e-05,boy
103646,1983,Rudolph,9.4e-05,boy
103647,1983,Zackery,9.4e-05,boy
103648,1983,Hans,9.4e-05,boy
103649,1983,Jasper,9.3e-05,boy
103650,1983,Tyree,9.3e-05,boy
103651,1983,Antwon,9.2e-05,boy
103652,1983,Jed,9.2e-05,boy
103653,1983,Jordon,9.2e-05,boy
103654,1983,Deshawn,9.1e-05,boy
103655,1983,Kaleb,9.1e-05,boy
103656,1983,Cedrick,9.1e-05,boy
103657,1983,Carey,9e-05,boy
103658,1983,Jerald,9e-05,boy
103659,1983,Mauricio,9e-05,boy
103660,1983,Royce,9e-05,boy
103661,1983,Sonny,9e-05,boy
103662,1983,Bennie,8.9e-05,boy
103663,1983,Prince,8.9e-05,boy
103664,1983,Whitney,8.9e-05,boy
103665,1983,Rodrick,8.9e-05,boy
103666,1983,Amir,8.8e-05,boy
103667,1983,Titus,8.8e-05,boy
103668,1983,Cassidy,8.8e-05,boy
103669,1983,Dereck,8.8e-05,boy
103670,1983,Myles,8.7e-05,boy
103671,1983,Tory,8.7e-05,boy
103672,1983,Reggie,8.7e-05,boy
103673,1983,Van,8.7e-05,boy
103674,1983,Kody,8.6e-05,boy
103675,1983,Virgil,8.6e-05,boy
103676,1983,Braden,8.5e-05,boy
103677,1983,Nigel,8.5e-05,boy
103678,1983,Timmy,8.5e-05,boy
103679,1983,Tommie,8.5e-05,boy
103680,1983,Cary,8.4e-05,boy
103681,1983,Derik,8.4e-05,boy
103682,1983,Rico,8.4e-05,boy
103683,1983,Robby,8.4e-05,boy
103684,1983,Shelby,8.4e-05,boy
103685,1983,Benito,8.4e-05,boy
103686,1983,Carlo,8.4e-05,boy
103687,1983,Daren,8.4e-05,boy
103688,1983,Davis,8.4e-05,boy
103689,1983,Jered,8.3e-05,boy
103690,1983,Ervin,8.2e-05,boy
103691,1983,Antione,8.2e-05,boy
103692,1983,Heriberto,8.2e-05,boy
103693,1983,Tobias,8.2e-05,boy
103694,1983,Winston,8.2e-05,boy
103695,1983,Ari,8.1e-05,boy
103696,1983,Jeffry,8.1e-05,boy
103697,1983,Abram,8.1e-05,boy
103698,1983,Archie,8e-05,boy
103699,1983,Ezekiel,8e-05,boy
103700,1983,Cyrus,8e-05,boy
103701,1983,Donny,8e-05,boy
103702,1983,Elmer,8e-05,boy
103703,1983,Leonel,8e-05,boy
103704,1983,Nikolas,8e-05,boy
103705,1983,Cortney,7.9e-05,boy
103706,1983,Lukas,7.9e-05,boy
103707,1983,Osvaldo,7.9e-05,boy
103708,1983,Kirby,7.8e-05,boy
103709,1983,Rhett,7.8e-05,boy
103710,1983,Tyrel,7.8e-05,boy
103711,1983,Cristian,7.8e-05,boy
103712,1983,Curt,7.8e-05,boy
103713,1983,Dave,7.8e-05,boy
103714,1983,Kenton,7.8e-05,boy
103715,1983,Cortez,7.7e-05,boy
103716,1983,Ezra,7.7e-05,boy
103717,1983,Liam,7.7e-05,boy
103718,1983,Asa,7.7e-05,boy
103719,1983,Chauncey,7.7e-05,boy
103720,1983,Davon,7.7e-05,boy
103721,1983,Jamil,7.7e-05,boy
103722,1983,Adolfo,7.6e-05,boy
103723,1983,Galen,7.6e-05,boy
103724,1983,Justen,7.6e-05,boy
103725,1983,Mikel,7.6e-05,boy
103726,1983,Mohammad,7.6e-05,boy
103727,1983,Jeromy,7.5e-05,boy
103728,1983,Roosevelt,7.5e-05,boy
103729,1983,Connor,7.5e-05,boy
103730,1983,Coy,7.5e-05,boy
103731,1983,Ellis,7.5e-05,boy
103732,1983,Jefferson,7.5e-05,boy
103733,1983,Rocco,7.5e-05,boy
103734,1983,Buddy,7.4e-05,boy
103735,1983,Lane,7.4e-05,boy
103736,1983,Tremaine,7.4e-05,boy
103737,1983,Bo,7.3e-05,boy
103738,1983,Wilbert,7.3e-05,boy
103739,1983,Cliff,7.3e-05,boy
103740,1983,Davin,7.3e-05,boy
103741,1983,Delbert,7.3e-05,boy
103742,1983,Leif,7.3e-05,boy
103743,1983,Marion,7.3e-05,boy
103744,1983,Tyron,7.3e-05,boy
103745,1983,Amit,7.2e-05,boy
103746,1983,Jace,7.1e-05,boy
103747,1983,Kristian,7.1e-05,boy
103748,1983,Kristoffer,7.1e-05,boy
103749,1983,Laurence,7.1e-05,boy
103750,1983,Moshe,7.1e-05,boy
103751,1983,Mitchel,7.1e-05,boy
103752,1983,Darrick,7e-05,boy
103753,1983,Jedidiah,7e-05,boy
103754,1983,Mack,7e-05,boy
103755,1983,Bennett,7e-05,boy
103756,1983,Duncan,7e-05,boy
103757,1983,Josef,7e-05,boy
103758,1983,Scottie,7e-05,boy
103759,1983,Dejuan,6.9e-05,boy
103760,1983,Dirk,6.9e-05,boy
103761,1983,Javon,6.9e-05,boy
103762,1983,Louie,6.9e-05,boy
103763,1983,Cale,6.9e-05,boy
103764,1983,Cleveland,6.9e-05,boy
103765,1983,Gregorio,6.9e-05,boy
103766,1983,Jedediah,6.9e-05,boy
103767,1983,Mohammed,6.9e-05,boy
103768,1983,Monte,6.9e-05,boy
103769,1983,Willard,6.9e-05,boy
103770,1983,Brenden,6.8e-05,boy
103771,1983,Lindsey,6.8e-05,boy
103772,1983,Raymundo,6.8e-05,boy
103773,1983,Stacy,6.8e-05,boy
103774,1983,Cornell,6.8e-05,boy
103775,1983,Jeremie,6.8e-05,boy
103776,1983,Keegan,6.8e-05,boy
103777,1983,Rickie,6.8e-05,boy
103778,1983,Ahmed,6.7e-05,boy
103779,1983,Bernardo,6.7e-05,boy
103780,1983,Domingo,6.7e-05,boy
103781,1983,Antony,6.7e-05,boy
103782,1983,German,6.7e-05,boy
103783,1983,Marlin,6.7e-05,boy
103784,1983,Vaughn,6.7e-05,boy
103785,1983,Coleman,6.6e-05,boy
103786,1983,Jeramy,6.6e-05,boy
103787,1983,Tucker,6.6e-05,boy
103788,1983,Daron,6.6e-05,boy
103789,1983,Denny,6.6e-05,boy
103790,1983,Jerrell,6.6e-05,boy
103791,1983,Silas,6.6e-05,boy
103792,1983,Theron,6.6e-05,boy
103793,1983,Ashton,6.5e-05,boy
103794,1983,Grady,6.5e-05,boy
103795,1983,Raheem,6.5e-05,boy
103796,1983,Andrea,6.4e-05,boy
103797,1983,Eliot,6.4e-05,boy
103798,1983,Jaron,6.4e-05,boy
103799,1983,Rufus,6.4e-05,boy
103800,1983,Emmett,6.4e-05,boy
103801,1983,Hassan,6.4e-05,boy
103802,1983,Jasen,6.4e-05,boy
103803,1983,Michel,6.4e-05,boy
103804,1983,Keon,6.3e-05,boy
103805,1983,Sarah,6.3e-05,boy
103806,1983,Colton,6.3e-05,boy
103807,1983,Cristopher,6.3e-05,boy
103808,1983,Elton,6.3e-05,boy
103809,1983,Federico,6.3e-05,boy
103810,1983,Stacey,6.3e-05,boy
103811,1983,Shelton,6.2e-05,boy
103812,1983,Carter,6.2e-05,boy
103813,1983,Horace,6.2e-05,boy
103814,1983,Jarad,6.2e-05,boy
103815,1983,Judson,6.2e-05,boy
103816,1983,Kelsey,6.2e-05,boy
103817,1983,Malik,6.2e-05,boy
103818,1983,Jacques,6.1e-05,boy
103819,1983,Alphonso,6.1e-05,boy
103820,1983,Broderick,6.1e-05,boy
103821,1983,Muhammad,6.1e-05,boy
103822,1983,Jan,6e-05,boy
103823,1983,Lincoln,6e-05,boy
103824,1983,Dario,6e-05,boy
103825,1983,Devan,6e-05,boy
103826,1983,Efren,6e-05,boy
103827,1983,Hank,6e-05,boy
103828,1983,Martell,6e-05,boy
103829,1983,Octavio,6e-05,boy
103830,1983,Donta,5.9e-05,boy
103831,1983,Kris,5.9e-05,boy
103832,1983,Randell,5.9e-05,boy
103833,1983,Bart,5.9e-05,boy
103834,1983,Fidel,5.9e-05,boy
103835,1983,Rodger,5.9e-05,boy
103836,1983,Dalton,5.8e-05,boy
103837,1983,Garrick,5.8e-05,boy
103838,1983,Gino,5.8e-05,boy
103839,1983,Johathan,5.8e-05,boy
103840,1983,Nestor,5.8e-05,boy
103841,1983,Scot,5.8e-05,boy
103842,1983,Brannon,5.8e-05,boy
103843,1983,Danial,5.8e-05,boy
103844,1983,Junior,5.8e-05,boy
103845,1983,Nicholaus,5.8e-05,boy
103846,1983,Denver,5.7e-05,boy
103847,1983,Dontae,5.7e-05,boy
103848,1983,Edmond,5.7e-05,boy
103849,1983,Remington,5.7e-05,boy
103850,1983,Shayne,5.7e-05,boy
103851,1983,Shea,5.7e-05,boy
103852,1983,Chet,5.6e-05,boy
103853,1983,Tavares,5.6e-05,boy
103854,1983,Al,5.6e-05,boy
103855,1983,Christoper,5.6e-05,boy
103856,1983,Elvin,5.6e-05,boy
103857,1983,Jeramie,5.6e-05,boy
103858,1983,Lazaro,5.6e-05,boy
103859,1983,Percy,5.6e-05,boy
103860,1983,Abdul,5.5e-05,boy
103861,1983,Amanda,5.5e-05,boy
103862,1983,Irvin,5.5e-05,boy
103863,1983,Isiah,5.5e-05,boy
103864,1983,Ken,5.5e-05,boy
103865,1983,Ulysses,5.5e-05,boy
103866,1983,Eliezer,5.5e-05,boy
103867,1983,Elizabeth,5.5e-05,boy
103868,1983,Estevan,5.5e-05,boy
103869,1983,Lynn,5.5e-05,boy
103870,1983,Aldo,5.4e-05,boy
103871,1983,Brandan,5.4e-05,boy
103872,1983,Greggory,5.4e-05,boy
103873,1983,Melissa,5.4e-05,boy
103874,1983,Paris,5.4e-05,boy
103875,1983,Ronny,5.4e-05,boy
103876,1983,Darron,5.4e-05,boy
103877,1983,Juston,5.4e-05,boy
103878,1983,Laron,5.4e-05,boy
103879,1983,Lars,5.4e-05,boy
103880,1983,Rashawn,5.4e-05,boy
103881,1983,Brandt,5.3e-05,boy
103882,1983,Denis,5.3e-05,boy
103883,1983,Dewey,5.3e-05,boy
103884,1983,Genaro,5.3e-05,boy
103885,1983,Johnpaul,5.3e-05,boy
103886,1983,Lauren,5.3e-05,boy
103887,1983,Renaldo,5.3e-05,boy
103888,1983,Chaim,5.3e-05,boy
103889,1983,Emil,5.3e-05,boy
103890,1983,Aurelio,5.2e-05,boy
103891,1983,Bronson,5.2e-05,boy
103892,1983,Cullen,5.2e-05,boy
103893,1983,Jeremey,5.2e-05,boy
103894,1983,Aric,5.2e-05,boy
103895,1983,Darwin,5.2e-05,boy
103896,1983,Demond,5.2e-05,boy
103897,1983,Hubert,5.2e-05,boy
103898,1983,Jade,5.2e-05,boy
103899,1983,Kraig,5.2e-05,boy
103900,1983,Skylar,5.2e-05,boy
103901,1983,Stephanie,5.2e-05,boy
103902,1983,Cristobal,5.1e-05,boy
103903,1983,Jamey,5.1e-05,boy
103904,1983,Jamin,5.1e-05,boy
103905,1983,Tim,5.1e-05,boy
103906,1983,Andrae,5.1e-05,boy
103907,1983,Andreas,5.1e-05,boy
103908,1983,Edwardo,5.1e-05,boy
103909,1983,Elisha,5.1e-05,boy
103910,1983,Gonzalo,5.1e-05,boy
103911,1983,Jarret,5.1e-05,boy
103912,1983,Keven,5.1e-05,boy
103913,1983,Britton,5e-05,boy
103914,1983,Chadrick,5e-05,boy
103915,1983,Ernie,5e-05,boy
103916,1983,Jacoby,5e-05,boy
103917,1983,Jerimiah,5e-05,boy
103918,1983,Justine,5e-05,boy
103919,1983,Vito,5e-05,boy
103920,1983,Cruz,4.9e-05,boy
103921,1983,Kim,4.9e-05,boy
103922,1983,Lindsay,4.9e-05,boy
103923,1983,Ramsey,4.9e-05,boy
103924,1983,Torrey,4.9e-05,boy
103925,1983,August,4.8e-05,boy
103926,1983,Deric,4.8e-05,boy
103927,1983,Isidro,4.8e-05,boy
103928,1983,Jereme,4.8e-05,boy
103929,1983,Lowell,4.8e-05,boy
103930,1983,Valentin,4.8e-05,boy
103931,1983,Asher,4.8e-05,boy
103932,1983,Giuseppe,4.8e-05,boy
103933,1983,Jakob,4.8e-05,boy
103934,1983,Mariano,4.8e-05,boy
103935,1983,Stephon,4.8e-05,boy
103936,1983,Stevie,4.8e-05,boy
103937,1983,Anderson,4.7e-05,boy
103938,1983,Bob,4.7e-05,boy
103939,1983,Chandler,4.7e-05,boy
103940,1983,Errol,4.7e-05,boy
103941,1983,Francesco,4.7e-05,boy
103942,1983,Mohamed,4.7e-05,boy
103943,1983,Reinaldo,4.7e-05,boy
103944,1983,Dedrick,4.7e-05,boy
103945,1983,Erwin,4.7e-05,boy
103946,1983,Houston,4.7e-05,boy
103947,1983,Homer,4.6e-05,boy
103948,1983,Isaias,4.6e-05,boy
103949,1983,Jabari,4.6e-05,boy
103950,1983,Nicole,4.6e-05,boy
103951,1983,Trumaine,4.6e-05,boy
103952,1983,Wilfred,4.6e-05,boy
103953,1983,Woodrow,4.6e-05,boy
103954,1983,Anwar,4.6e-05,boy
103955,1983,Derrell,4.6e-05,boy
103956,1983,Garland,4.6e-05,boy
103957,1983,Johnson,4.6e-05,boy
103958,1983,Marquise,4.6e-05,boy
103959,1983,Monty,4.6e-05,boy
103960,1983,Norris,4.6e-05,boy
103961,1983,Samson,4.6e-05,boy
103962,1983,Adrain,4.5e-05,boy
103963,1983,Armand,4.5e-05,boy
103964,1983,Bert,4.5e-05,boy
103965,1983,Garett,4.5e-05,boy
103966,1983,Deven,4.5e-05,boy
103967,1983,Hiram,4.5e-05,boy
103968,1983,Tuan,4.5e-05,boy
103969,1983,Westley,4.5e-05,boy
103970,1983,Crystal,4.4e-05,boy
103971,1983,Eloy,4.4e-05,boy
103972,1983,Irving,4.4e-05,boy
103973,1983,Quinten,4.4e-05,boy
103974,1983,Russel,4.4e-05,boy
103975,1983,Tremayne,4.4e-05,boy
103976,1983,Dino,4.4e-05,boy
103977,1983,Drake,4.4e-05,boy
103978,1983,Edgardo,4.4e-05,boy
103979,1983,Luciano,4.4e-05,boy
103980,1983,Marcelino,4.4e-05,boy
103981,1983,Michelle,4.4e-05,boy
103982,1983,Darian,4.3e-05,boy
103983,1983,Eddy,4.3e-05,boy
103984,1983,Eliseo,4.3e-05,boy
103985,1983,Ezequiel,4.3e-05,boy
103986,1983,Griffin,4.3e-05,boy
103987,1983,Jermain,4.3e-05,boy
103988,1983,Lamarcus,4.3e-05,boy
103989,1983,Long,4.3e-05,boy
103990,1983,Samir,4.3e-05,boy
103991,1983,Walker,4.3e-05,boy
103992,1983,Coby,4.2e-05,boy
103993,1983,Demarco,4.2e-05,boy
103994,1983,Gerry,4.2e-05,boy
103995,1983,Jefferey,4.2e-05,boy
103996,1983,Jevon,4.2e-05,boy
103997,1983,Nicklaus,4.2e-05,boy
103998,1983,Sammie,4.2e-05,boy
103999,1983,Cade,4.2e-05,boy
104000,1984,Michael,0.036117,boy
104001,1984,Christopher,0.032051,boy
104002,1984,Matthew,0.026536,boy
104003,1984,Joshua,0.021468,boy
104004,1984,David,0.020515,boy
104005,1984,Daniel,0.01947,boy
104006,1984,James,0.019107,boy
104007,1984,John,0.017383,boy
104008,1984,Robert,0.016942,boy
104009,1984,Joseph,0.016269,boy
104010,1984,Jason,0.01597,boy
104011,1984,Ryan,0.015317,boy
104012,1984,Justin,0.014278,boy
104013,1984,Andrew,0.013815,boy
104014,1984,Brandon,0.013691,boy
104015,1984,William,0.013268,boy
104016,1984,Brian,0.013177,boy
104017,1984,Adam,0.012762,boy
104018,1984,Jonathan,0.012442,boy
104019,1984,Nicholas,0.011205,boy
104020,1984,Anthony,0.011177,boy
104021,1984,Eric,0.011172,boy
104022,1984,Steven,0.009708,boy
104023,1984,Kevin,0.009524,boy
104024,1984,Thomas,0.009379,boy
104025,1984,Timothy,0.009066,boy
104026,1984,Richard,0.008317,boy
104027,1984,Jeffrey,0.007874,boy
104028,1984,Aaron,0.007142,boy
104029,1984,Benjamin,0.007069,boy
104030,1984,Jeremy,0.007069,boy
104031,1984,Mark,0.007041,boy
104032,1984,Charles,0.006902,boy
104033,1984,Kyle,0.006688,boy
104034,1984,Stephen,0.006442,boy
104035,1984,Patrick,0.006141,boy
104036,1984,Jacob,0.00605,boy
104037,1984,Nathan,0.005656,boy
104038,1984,Scott,0.005638,boy
104039,1984,Paul,0.005576,boy
104040,1984,Dustin,0.005546,boy
104041,1984,Travis,0.005461,boy
104042,1984,Sean,0.005339,boy
104043,1984,Gregory,0.005167,boy
104044,1984,Zachary,0.004833,boy
104045,1984,Kenneth,0.004687,boy
104046,1984,Tyler,0.004641,boy
104047,1984,Bryan,0.004407,boy
104048,1984,Jose,0.004267,boy
104049,1984,Jesse,0.004054,boy
104050,1984,Chad,0.003765,boy
104051,1984,Derek,0.003716,boy
104052,1984,Bradley,0.003501,boy
104053,1984,Alexander,0.003456,boy
104054,1984,Samuel,0.003387,boy
104055,1984,Shawn,0.003223,boy
104056,1984,Marcus,0.003193,boy
104057,1984,Edward,0.003151,boy
104058,1984,Jared,0.00303,boy
104059,1984,Peter,0.002999,boy
104060,1984,Keith,0.00284,boy
104061,1984,Cody,0.002776,boy
104062,1984,Donald,0.002701,boy
104063,1984,Juan,0.00247,boy
104064,1984,Jordan,0.00242,boy
104065,1984,Joel,0.002413,boy
104066,1984,Ronald,0.002405,boy
104067,1984,George,0.002271,boy
104068,1984,Corey,0.002262,boy
104069,1984,Phillip,0.002259,boy
104070,1984,Douglas,0.00221,boy
104071,1984,Brett,0.002183,boy
104072,1984,Raymond,0.002115,boy
104073,1984,Craig,0.00211,boy
104074,1984,Gary,0.00211,boy
104075,1984,Carlos,0.002105,boy
104076,1984,Antonio,0.002067,boy
104077,1984,Ian,0.002024,boy
104078,1984,Derrick,0.001953,boy
104079,1984,Nathaniel,0.001921,boy
104080,1984,Philip,0.001874,boy
104081,1984,Casey,0.001873,boy
104082,1984,Cory,0.001869,boy
104083,1984,Erik,0.001825,boy
104084,1984,Shane,0.001777,boy
104085,1984,Frank,0.001773,boy
104086,1984,Gabriel,0.001769,boy
104087,1984,Luis,0.001734,boy
104088,1984,Brent,0.001698,boy
104089,1984,Victor,0.001692,boy
104090,1984,Larry,0.001659,boy
104091,1984,Todd,0.001655,boy
104092,1984,Jeffery,0.001615,boy
104093,1984,Alex,0.001609,boy
104094,1984,Vincent,0.001583,boy
104095,1984,Curtis,0.001575,boy
104096,1984,Dennis,0.001573,boy
104097,1984,Evan,0.001565,boy
104098,1984,Seth,0.001553,boy
104099,1984,Randy,0.001551,boy
104100,1984,Wesley,0.001494,boy
104101,1984,Jeremiah,0.00148,boy
104102,1984,Blake,0.00147,boy
104103,1984,Christian,0.001451,boy
104104,1984,Alan,0.00144,boy
104105,1984,Russell,0.001431,boy
104106,1984,Adrian,0.001414,boy
104107,1984,Carl,0.001366,boy
104108,1984,Jesus,0.001341,boy
104109,1984,Luke,0.001315,boy
104110,1984,Jerry,0.001308,boy
104111,1984,Tony,0.0013,boy
104112,1984,Miguel,0.001289,boy
104113,1984,Troy,0.001283,boy
104114,1984,Trevor,0.001257,boy
104115,1984,Mario,0.001251,boy
104116,1984,Austin,0.001246,boy
104117,1984,Terry,0.001246,boy
104118,1984,Andre,0.001232,boy
104119,1984,Johnny,0.001209,boy
104120,1984,Shaun,0.001202,boy
104121,1984,Ricardo,0.001176,boy
104122,1984,Devin,0.001159,boy
104123,1984,Lee,0.001154,boy
104124,1984,Mitchell,0.001146,boy
104125,1984,Lance,0.001139,boy
104126,1984,Martin,0.001137,boy
104127,1984,Allen,0.00113,boy
104128,1984,Bobby,0.00113,boy
104129,1984,Lucas,0.001125,boy
104130,1984,Marc,0.001121,boy
104131,1984,Johnathan,0.001118,boy
104132,1984,Chase,0.001115,boy
104133,1984,Jimmy,0.001104,boy
104134,1984,Henry,0.00108,boy
104135,1984,Danny,0.001067,boy
104136,1984,Kristopher,0.001059,boy
104137,1984,Ricky,0.001057,boy
104138,1984,Mathew,0.001051,boy
104139,1984,Billy,0.001039,boy
104140,1984,Albert,0.001005,boy
104141,1984,Jonathon,0.000996,boy
104142,1984,Lawrence,0.000996,boy
104143,1984,Jorge,0.000992,boy
104144,1984,Clinton,0.000988,boy
104145,1984,Jon,0.000985,boy
104146,1984,Manuel,0.000985,boy
104147,1984,Randall,0.000983,boy
104148,1984,Micheal,0.000977,boy
104149,1984,Clayton,0.000968,boy
104150,1984,Francisco,0.000965,boy
104151,1984,Jamie,0.000942,boy
104152,1984,Drew,0.000941,boy
104153,1984,Colin,0.000939,boy
104154,1984,Ross,0.000931,boy
104155,1984,Garrett,0.000923,boy
104156,1984,Roger,0.000915,boy
104157,1984,Louis,0.000912,boy
104158,1984,Arthur,0.000906,boy
104159,1984,Isaac,0.000902,boy
104160,1984,Walter,0.000899,boy
104161,1984,Roberto,0.00089,boy
104162,1984,Caleb,0.000881,boy
104163,1984,Cameron,0.000874,boy
104164,1984,Rodney,0.000867,boy
104165,1984,Willie,0.000858,boy
104166,1984,Joe,0.000849,boy
104167,1984,Maurice,0.000848,boy
104168,1984,Grant,0.000845,boy
104169,1984,Jermaine,0.00084,boy
104170,1984,Darren,0.000827,boy
104171,1984,Jay,0.000826,boy
104172,1984,Jack,0.000788,boy
104173,1984,Wayne,0.000788,boy
104174,1984,Bruce,0.000778,boy
104175,1984,Gerald,0.000769,boy
104176,1984,Calvin,0.000766,boy
104177,1984,Oscar,0.000759,boy
104178,1984,Angel,0.000755,boy
104179,1984,Taylor,0.000755,boy
104180,1984,Javier,0.000741,boy
104181,1984,Roy,0.000737,boy
104182,1984,Ruben,0.000731,boy
104183,1984,Edwin,0.000718,boy
104184,1984,Darrell,0.000712,boy
104185,1984,Brendan,0.000709,boy
104186,1984,Reginald,0.000709,boy
104187,1984,Hector,0.000708,boy
104188,1984,Geoffrey,0.000705,boy
104189,1984,Alejandro,0.0007,boy
104190,1984,Sergio,0.000684,boy
104191,1984,Fernando,0.000683,boy
104192,1984,Omar,0.000676,boy
104193,1984,Noah,0.000664,boy
104194,1984,Brad,0.00066,boy
104195,1984,Dominic,0.000659,boy
104196,1984,Frederick,0.00065,boy
104197,1984,Terrance,0.000647,boy
104198,1984,Jerome,0.00063,boy
104199,1984,Jaime,0.000625,boy
104200,1984,Eddie,0.000621,boy
104201,1984,Cole,0.000621,boy
104202,1984,Ernest,0.000612,boy
104203,1984,Rafael,0.000611,boy
104204,1984,Neil,0.000599,boy
104205,1984,Pedro,0.000598,boy
104206,1984,Micah,0.000593,boy
104207,1984,Raul,0.000592,boy
104208,1984,Ronnie,0.000589,boy
104209,1984,Marvin,0.000588,boy
104210,1984,Jessie,0.000584,boy
104211,1984,Darryl,0.000576,boy
104212,1984,Theodore,0.000571,boy
104213,1984,Emmanuel,0.000569,boy
104214,1984,Eugene,0.000568,boy
104215,1984,Tyrone,0.000564,boy
104216,1984,Leonard,0.000562,boy
104217,1984,Steve,0.000554,boy
104218,1984,Levi,0.00055,boy
104219,1984,Dale,0.000549,boy
104220,1984,Glenn,0.000545,boy
104221,1984,Ramon,0.000542,boy
104222,1984,Ivan,0.000537,boy
104223,1984,Eduardo,0.000535,boy
104224,1984,Clifford,0.000532,boy
104225,1984,Terrence,0.000529,boy
104226,1984,Logan,0.000527,boy
104227,1984,Kelly,0.000525,boy
104228,1984,Kurt,0.000519,boy
104229,1984,Tommy,0.000519,boy
104230,1984,Dylan,0.000516,boy
104231,1984,Barry,0.000512,boy
104232,1984,Nicolas,0.00051,boy
104233,1984,Armando,0.000509,boy
104234,1984,Julio,0.000504,boy
104235,1984,Alberto,0.000503,boy
104236,1984,Julian,0.0005,boy
104237,1984,Spencer,0.0005,boy
104238,1984,Tyson,0.000493,boy
104239,1984,Andres,0.000489,boy
104240,1984,Melvin,0.000484,boy
104241,1984,Preston,0.000482,boy
104242,1984,Francis,0.000478,boy
104243,1984,Karl,0.000477,boy
104244,1984,Byron,0.000476,boy
104245,1984,Marco,0.000474,boy
104246,1984,Stanley,0.000472,boy
104247,1984,Cedric,0.000471,boy
104248,1984,Chance,0.000469,boy
104249,1984,Erick,0.000468,boy
104250,1984,Tristan,0.000464,boy
104251,1984,Harold,0.000461,boy
104252,1984,Cesar,0.00046,boy
104253,1984,Dwayne,0.00046,boy
104254,1984,Devon,0.000455,boy
104255,1984,Abraham,0.000453,boy
104256,1984,Bryce,0.000447,boy
104257,1984,Edgar,0.000445,boy
104258,1984,Brenton,0.000426,boy
104259,1984,Terrell,0.000426,boy
104260,1984,Warren,0.000426,boy
104261,1984,Leon,0.000426,boy
104262,1984,Franklin,0.000425,boy
104263,1984,Jarrod,0.000423,boy
104264,1984,Marshall,0.000423,boy
104265,1984,Earl,0.000417,boy
104266,1984,Antoine,0.000414,boy
104267,1984,Gilbert,0.000413,boy
104268,1984,Courtney,0.000412,boy
104269,1984,Ralph,0.000411,boy
104270,1984,Arturo,0.000409,boy
104271,1984,Rene,0.000409,boy
104272,1984,Ray,0.000408,boy
104273,1984,Shannon,0.000406,boy
104274,1984,Dean,0.000406,boy
104275,1984,Colby,0.000404,boy
104276,1984,Alfred,0.000399,boy
104277,1984,Jake,0.000397,boy
104278,1984,Lorenzo,0.000396,boy
104279,1984,Darnell,0.000395,boy
104280,1984,Joey,0.000395,boy
104281,1984,Andy,0.000394,boy
104282,1984,Branden,0.000392,boy
104283,1984,Clarence,0.000391,boy
104284,1984,Harry,0.000388,boy
104285,1984,Ethan,0.000387,boy
104286,1984,Enrique,0.00038,boy
104287,1984,Damien,0.000377,boy
104288,1984,Clint,0.000376,boy
104289,1984,Brady,0.000373,boy
104290,1984,Morgan,0.000373,boy
104291,1984,Beau,0.000371,boy
104292,1984,Stuart,0.000369,boy
104293,1984,Alvin,0.000369,boy
104294,1984,Kirk,0.000368,boy
104295,1984,Kelvin,0.000367,boy
104296,1984,Alfredo,0.00036,boy
104297,1984,Howard,0.000359,boy
104298,1984,Wade,0.000354,boy
104299,1984,Marcos,0.000354,boy
104300,1984,Orlando,0.000353,boy
104301,1984,Nelson,0.000348,boy
104302,1984,Simon,0.000347,boy
104303,1984,Clifton,0.000344,boy
104304,1984,Heath,0.00034,boy
104305,1984,Dane,0.000338,boy
104306,1984,Daryl,0.000338,boy
104307,1984,Max,0.000337,boy
104308,1984,Salvador,0.000336,boy
104309,1984,Elijah,0.000336,boy
104310,1984,Roderick,0.000335,boy
104311,1984,Gerardo,0.000333,boy
104312,1984,Demetrius,0.000331,boy
104313,1984,Nickolas,0.00033,boy
104314,1984,Bryant,0.000329,boy
104315,1984,Chris,0.000329,boy
104316,1984,Bernard,0.000328,boy
104317,1984,Ernesto,0.000323,boy
104318,1984,Isaiah,0.000323,boy
104319,1984,Quentin,0.000321,boy
104320,1984,Darius,0.00032,boy
104321,1984,Damon,0.000318,boy
104322,1984,Trent,0.000317,boy
104323,1984,Norman,0.000316,boy
104324,1984,Israel,0.000315,boy
104325,1984,Allan,0.000312,boy
104326,1984,Johnathon,0.000311,boy
104327,1984,Landon,0.000306,boy
104328,1984,Dwight,0.000305,boy
104329,1984,Angelo,0.000305,boy
104330,1984,Brock,0.000302,boy
104331,1984,Neal,0.000302,boy
104332,1984,Quinton,0.000301,boy
104333,1984,Lewis,0.000296,boy
104334,1984,Emanuel,0.000296,boy
104335,1984,Duane,0.000295,boy
104336,1984,Dallas,0.000294,boy
104337,1984,Glen,0.000293,boy
104338,1984,Vernon,0.000293,boy
104339,1984,Lamar,0.000292,boy
104340,1984,Terence,0.000292,boy
104341,1984,Kent,0.000292,boy
104342,1984,Rory,0.000292,boy
104343,1984,Ashley,0.000288,boy
104344,1984,Damian,0.000288,boy
104345,1984,Charlie,0.000287,boy
104346,1984,Xavier,0.000284,boy
104347,1984,Leroy,0.000282,boy
104348,1984,Kenny,0.000281,boy
104349,1984,Elliott,0.000281,boy
104350,1984,Collin,0.000278,boy
104351,1984,Nolan,0.000277,boy
104352,1984,Gavin,0.000274,boy
104353,1984,Graham,0.000274,boy
104354,1984,Jamal,0.000274,boy
104355,1984,Kerry,0.000273,boy
104356,1984,Trenton,0.000273,boy
104357,1984,Rickey,0.000272,boy
104358,1984,Lonnie,0.00027,boy
104359,1984,Eli,0.000268,boy
104360,1984,Gordon,0.000268,boy
104361,1984,Julius,0.000268,boy
104362,1984,Rudy,0.000263,boy
104363,1984,Felix,0.000262,boy
104364,1984,Dana,0.000261,boy
104365,1984,Pablo,0.000259,boy
104366,1984,Tyrell,0.000258,boy
104367,1984,Noel,0.000256,boy
104368,1984,Jayson,0.000255,boy
104369,1984,Marlon,0.000253,boy
104370,1984,Alexis,0.000252,boy
104371,1984,Bradford,0.000252,boy
104372,1984,Don,0.000251,boy
104373,1984,Kendrick,0.000251,boy
104374,1984,Josiah,0.000251,boy
104375,1984,Derick,0.00025,boy
104376,1984,Fredrick,0.00025,boy
104377,1984,Jarvis,0.000249,boy
104378,1984,Jamar,0.000247,boy
104379,1984,Bret,0.000244,boy
104380,1984,Hunter,0.000243,boy
104381,1984,Marquis,0.000243,boy
104382,1984,Elliot,0.00024,boy
104383,1984,Fred,0.00024,boy
104384,1984,Kurtis,0.00024,boy
104385,1984,Lionel,0.000236,boy
104386,1984,Rodolfo,0.000236,boy
104387,1984,Ben,0.000235,boy
104388,1984,Rolando,0.000235,boy
104389,1984,Deandre,0.000234,boy
104390,1984,Herbert,0.000233,boy
104391,1984,Zachery,0.000231,boy
104392,1984,Robin,0.000231,boy
104393,1984,Lloyd,0.00023,boy
104394,1984,Leo,0.000229,boy
104395,1984,Roland,0.000229,boy
104396,1984,Zachariah,0.000229,boy
104397,1984,Darin,0.000228,boy
104398,1984,Kendall,0.000228,boy
104399,1984,Rocky,0.000227,boy
104400,1984,Abel,0.000226,boy
104401,1984,Perry,0.000224,boy
104402,1984,Guillermo,0.00022,boy
104403,1984,Jarrett,0.00022,boy
104404,1984,Cornelius,0.000219,boy
104405,1984,Pierre,0.000219,boy
104406,1984,Miles,0.000218,boy
104407,1984,Roman,0.000218,boy
104408,1984,Tanner,0.000217,boy
104409,1984,Dominique,0.000217,boy
104410,1984,Jamaal,0.000215,boy
104411,1984,Stephan,0.000214,boy
104412,1984,Alfonso,0.000212,boy
104413,1984,Dante,0.000212,boy
104414,1984,Josue,0.00021,boy
104415,1984,Owen,0.00021,boy
104416,1984,Loren,0.000209,boy
104417,1984,Oliver,0.000209,boy
104418,1984,Greg,0.000206,boy
104419,1984,Rick,0.000206,boy
104420,1984,Saul,0.000206,boy
104421,1984,Ty,0.000205,boy
104422,1984,Donnie,0.000204,boy
104423,1984,Jarred,0.000203,boy
104424,1984,Ismael,0.000203,boy
104425,1984,Clay,0.000202,boy
104426,1984,Freddie,0.000202,boy
104427,1984,Fabian,0.000202,boy
104428,1984,Felipe,0.000201,boy
104429,1984,Desmond,0.0002,boy
104430,1984,Milton,0.0002,boy
104431,1984,Dominick,0.0002,boy
104432,1984,Antwan,0.000199,boy
104433,1984,Gene,0.000199,boy
104434,1984,Gustavo,0.000198,boy
104435,1984,Jameson,0.000197,boy
104436,1984,Gilberto,0.000196,boy
104437,1984,Leslie,0.000196,boy
104438,1984,Carlton,0.000195,boy
104439,1984,Frankie,0.000194,boy
104440,1984,Jeff,0.000194,boy
104441,1984,Darrin,0.000194,boy
104442,1984,Jerrod,0.000194,boy
104443,1984,Sam,0.000193,boy
104444,1984,Rogelio,0.000192,boy
104445,1984,Marques,0.000187,boy
104446,1984,Nathanael,0.000187,boy
104447,1984,Quincy,0.000186,boy
104448,1984,Elias,0.000186,boy
104449,1984,Toby,0.000184,boy
104450,1984,Lester,0.000184,boy
104451,1984,Guy,0.000183,boy
104452,1984,Kellen,0.000181,boy
104453,1984,Kory,0.00018,boy
104454,1984,Rusty,0.00018,boy
104455,1984,Stefan,0.00018,boy
104456,1984,Tomas,0.00018,boy
104457,1984,Moses,0.000179,boy
104458,1984,Dewayne,0.000179,boy
104459,1984,Dexter,0.000179,boy
104460,1984,Gerard,0.000179,boy
104461,1984,Weston,0.000179,boy
104462,1984,Dusty,0.000177,boy
104463,1984,Donovan,0.000177,boy
104464,1984,Floyd,0.000176,boy
104465,1984,Jimmie,0.000176,boy
104466,1984,Johnnie,0.000175,boy
104467,1984,Ramiro,0.000173,boy
104468,1984,Alonzo,0.000172,boy
104469,1984,Jody,0.000172,boy
104470,1984,Lamont,0.000171,boy
104471,1984,Skyler,0.00017,boy
104472,1984,Diego,0.000168,boy
104473,1984,Esteban,0.000167,boy
104474,1984,Donte,0.000166,boy
104475,1984,Sidney,0.000165,boy
104476,1984,Chadwick,0.000165,boy
104477,1984,Trey,0.000164,boy
104478,1984,Sheldon,0.000163,boy
104479,1984,Clark,0.000161,boy
104480,1984,Jarod,0.00016,boy
104481,1984,Brendon,0.00016,boy
104482,1984,Hugo,0.000159,boy
104483,1984,Everett,0.000159,boy
104484,1984,Salvatore,0.000159,boy
104485,1984,Cecil,0.000158,boy
104486,1984,Moises,0.000158,boy
104487,1984,Leonardo,0.000157,boy
104488,1984,Maxwell,0.000157,boy
104489,1984,Tracy,0.000156,boy
104490,1984,Myron,0.000156,boy
104491,1984,Clyde,0.000155,boy
104492,1984,Sterling,0.000155,boy
104493,1984,Jackie,0.000154,boy
104494,1984,Reid,0.000154,boy
104495,1984,Reynaldo,0.000154,boy
104496,1984,Bryon,0.000153,boy
104497,1984,Forrest,0.000153,boy
104498,1984,Jamel,0.000153,boy
104499,1984,Mike,0.000153,boy
104500,1984,Ted,0.000153,boy
104501,1984,Chester,0.000152,boy
104502,1984,Garry,0.000152,boy
104503,1984,Ariel,0.000149,boy
104504,1984,Malcolm,0.000149,boy
104505,1984,Stewart,0.000149,boy
104506,1984,Randolph,0.000148,boy
104507,1984,Aron,0.000147,boy
104508,1984,Herman,0.000147,boy
104509,1984,Mason,0.000147,boy
104510,1984,Nick,0.000147,boy
104511,1984,Quintin,0.000147,boy
104512,1984,Giovanni,0.000147,boy
104513,1984,Blaine,0.000146,boy
104514,1984,Scotty,0.000146,boy
104515,1984,Dillon,0.000146,boy
104516,1984,Kasey,0.000145,boy
104517,1984,Colt,0.000145,boy
104518,1984,Jonah,0.000144,boy
104519,1984,Santiago,0.000144,boy
104520,1984,Wilson,0.000144,boy
104521,1984,Noe,0.000143,boy
104522,1984,Jean,0.000142,boy
104523,1984,Vicente,0.000141,boy
104524,1984,Zackary,0.000141,boy
104525,1984,Brooks,0.00014,boy
104526,1984,Dan,0.00014,boy
104527,1984,Jackson,0.00014,boy
104528,1984,Solomon,0.00014,boy
104529,1984,Demarcus,0.00014,boy
104530,1984,Jess,0.000139,boy
104531,1984,Josh,0.000139,boy
104532,1984,Kiel,0.000139,boy
104533,1984,Ali,0.000138,boy
104534,1984,Donnell,0.000138,boy
104535,1984,Rex,0.000138,boy
104536,1984,Shea,0.000137,boy
104537,1984,Wendell,0.000137,boy
104538,1984,Amos,0.000137,boy
104539,1984,Guadalupe,0.000137,boy
104540,1984,Jim,0.000137,boy
104541,1984,Arnold,0.000136,boy
104542,1984,Lyle,0.000136,boy
104543,1984,Akeem,0.000136,boy
104544,1984,Reuben,0.000136,boy
104545,1984,Alec,0.000135,boy
104546,1984,Dion,0.000135,boy
104547,1984,Efrain,0.000135,boy
104548,1984,Riley,0.000134,boy
104549,1984,Adan,0.000132,boy
104550,1984,Erich,0.000132,boy
104551,1984,Joaquin,0.000132,boy
104552,1984,Kareem,0.00013,boy
104553,1984,Parker,0.000129,boy
104554,1984,Kristofer,0.000128,boy
104555,1984,Zane,0.000128,boy
104556,1984,Deangelo,0.000128,boy
104557,1984,Sebastian,0.000127,boy
104558,1984,Jerad,0.000125,boy
104559,1984,Freddy,0.000124,boy
104560,1984,Humberto,0.000124,boy
104561,1984,Brennan,0.000124,boy
104562,1984,Jamison,0.000123,boy
104563,1984,Randal,0.000122,boy
104564,1984,Anton,0.000121,boy
104565,1984,Zackery,0.000121,boy
104566,1984,Jerod,0.00012,boy
104567,1984,Conrad,0.000119,boy
104568,1984,Kody,0.000119,boy
104569,1984,Harrison,0.000118,boy
104570,1984,Jonas,0.000118,boy
104571,1984,Carson,0.000117,boy
104572,1984,Joesph,0.000117,boy
104573,1984,Blair,0.000116,boy
104574,1984,Otis,0.000116,boy
104575,1984,Sammy,0.000116,boy
104576,1984,Deon,0.000115,boy
104577,1984,Sherman,0.000115,boy
104578,1984,Emilio,0.000114,boy
104579,1984,Conor,0.000114,boy
104580,1984,Ira,0.000113,boy
104581,1984,Keenan,0.000113,boy
104582,1984,Avery,0.000112,boy
104583,1984,Benny,0.000112,boy
104584,1984,Sylvester,0.000112,boy
104585,1984,Harley,0.00011,boy
104586,1984,Prince,0.00011,boy
104587,1984,Raphael,0.00011,boy
104588,1984,Wyatt,0.00011,boy
104589,1984,Damion,0.000109,boy
104590,1984,Will,0.000109,boy
104591,1984,Harvey,0.000109,boy
104592,1984,Jennifer,0.000109,boy
104593,1984,Reed,0.000109,boy
104594,1984,Cale,0.000108,boy
104595,1984,Dorian,0.000108,boy
104596,1984,Leland,0.000108,boy
104597,1984,Amir,0.000107,boy
104598,1984,Bo,0.000107,boy
104599,1984,Whitney,0.000107,boy
104600,1984,Korey,0.000107,boy
104601,1984,Markus,0.000107,boy
104602,1984,Ryne,0.000106,boy
104603,1984,Barrett,0.000106,boy
104604,1984,Hugh,0.000106,boy
104605,1984,Wallace,0.000105,boy
104606,1984,Sonny,0.000105,boy
104607,1984,Alton,0.000104,boy
104608,1984,Bryson,0.000104,boy
104609,1984,Pete,0.000104,boy
104610,1984,Royce,0.000104,boy
104611,1984,Nathanial,0.000103,boy
104612,1984,Waylon,0.000103,boy
104613,1984,Braden,0.000102,boy
104614,1984,Erin,0.000102,boy
104615,1984,Jovan,0.000102,boy
104616,1984,Arron,0.000102,boy
104617,1984,Garret,0.000102,boy
104618,1984,Aubrey,0.000101,boy
104619,1984,Marcel,0.000101,boy
104620,1984,Mickey,0.000101,boy
104621,1984,Claude,0.0001,boy
104622,1984,Daren,9.9e-05,boy
104623,1984,Willis,9.9e-05,boy
104624,1984,Winston,9.9e-05,boy
104625,1984,Rashad,9.9e-05,boy
104626,1984,Rodrick,9.9e-05,boy
104627,1984,Rodrigo,9.9e-05,boy
104628,1984,Tom,9.9e-05,boy
104629,1984,Bradly,9.8e-05,boy
104630,1984,Chaz,9.8e-05,boy
104631,1984,Hans,9.8e-05,boy
104632,1984,Robbie,9.8e-05,boy
104633,1984,Ashton,9.7e-05,boy
104634,1984,Ignacio,9.7e-05,boy
104635,1984,Marty,9.7e-05,boy
104636,1984,Demario,9.7e-05,boy
104637,1984,Luther,9.7e-05,boy
104638,1984,Morris,9.7e-05,boy
104639,1984,Antwon,9.6e-05,boy
104640,1984,Jessica,9.6e-05,boy
104641,1984,Virgil,9.6e-05,boy
104642,1984,Cary,9.6e-05,boy
104643,1984,Quinn,9.6e-05,boy
104644,1984,Davis,9.5e-05,boy
104645,1984,Jordon,9.5e-05,boy
104646,1984,Matt,9.5e-05,boy
104647,1984,Rigoberto,9.5e-05,boy
104648,1984,Ron,9.5e-05,boy
104649,1984,Brice,9.4e-05,boy
104650,1984,Deshawn,9.4e-05,boy
104651,1984,Carlo,9.3e-05,boy
104652,1984,Thaddeus,9.3e-05,boy
104653,1984,Darrel,9.3e-05,boy
104654,1984,Earnest,9.3e-05,boy
104655,1984,Alvaro,9.2e-05,boy
104656,1984,Brant,9.1e-05,boy
104657,1984,Edmund,9.1e-05,boy
104658,1984,Mauricio,9.1e-05,boy
104659,1984,Taurean,9.1e-05,boy
104660,1984,Timmy,9.1e-05,boy
104661,1984,Jered,9.1e-05,boy
104662,1984,Roosevelt,9.1e-05,boy
104663,1984,Cassidy,9e-05,boy
104664,1984,Josef,9e-05,boy
104665,1984,Lane,9e-05,boy
104666,1984,Marion,9e-05,boy
104667,1984,Nikolas,9e-05,boy
104668,1984,Brenden,9e-05,boy
104669,1984,Leonel,9e-05,boy
104670,1984,Wilfredo,8.9e-05,boy
104671,1984,Bill,8.9e-05,boy
104672,1984,Cristian,8.9e-05,boy
104673,1984,Kenton,8.9e-05,boy
104674,1984,Rudolph,8.8e-05,boy
104675,1984,Mitchel,8.7e-05,boy
104676,1984,Ahmad,8.6e-05,boy
104677,1984,Curt,8.6e-05,boy
104678,1984,Elmer,8.6e-05,boy
104679,1984,Myles,8.6e-05,boy
104680,1984,Santos,8.6e-05,boy
104681,1984,Kristian,8.6e-05,boy
104682,1984,Tremaine,8.6e-05,boy
104683,1984,Cyrus,8.5e-05,boy
104684,1984,Ezekiel,8.5e-05,boy
104685,1984,Teddy,8.5e-05,boy
104686,1984,Bennie,8.5e-05,boy
104687,1984,Gregg,8.5e-05,boy
104688,1984,Vance,8.5e-05,boy
104689,1984,Agustin,8.4e-05,boy
104690,1984,Cedrick,8.4e-05,boy
104691,1984,Cortez,8.4e-05,boy
104692,1984,Jefferson,8.4e-05,boy
104693,1984,Benito,8.4e-05,boy
104694,1984,Ervin,8.4e-05,boy
104695,1984,Carey,8.3e-05,boy
104696,1984,Issac,8.3e-05,boy
104697,1984,Jerrell,8.3e-05,boy
104698,1984,Keegan,8.3e-05,boy
104699,1984,Titus,8.3e-05,boy
104700,1984,Heriberto,8.3e-05,boy
104701,1984,Davon,8.2e-05,boy
104702,1984,Elvis,8.2e-05,boy
104703,1984,Mohammad,8.2e-05,boy
104704,1984,Nigel,8.2e-05,boy
104705,1984,Connor,8.1e-05,boy
104706,1984,Dave,8.1e-05,boy
104707,1984,Laurence,8.1e-05,boy
104708,1984,Galen,8.1e-05,boy
104709,1984,Jed,8.1e-05,boy
104710,1984,Tory,8.1e-05,boy
104711,1984,Derik,8e-05,boy
104712,1984,Ezra,8e-05,boy
104713,1984,Stacy,8e-05,boy
104714,1984,Tucker,8e-05,boy
104715,1984,Antione,7.9e-05,boy
104716,1984,Dereck,7.9e-05,boy
104717,1984,Chauncey,7.8e-05,boy
104718,1984,Robby,7.8e-05,boy
104719,1984,Skylar,7.8e-05,boy
104720,1984,Shelby,7.7e-05,boy
104721,1984,Jan,7.7e-05,boy
104722,1984,Jeramy,7.7e-05,boy
104723,1984,Rico,7.7e-05,boy
104724,1984,Jasper,7.6e-05,boy
104725,1984,Kaleb,7.6e-05,boy
104726,1984,Liam,7.6e-05,boy
104727,1984,Tobias,7.6e-05,boy
104728,1984,Archie,7.6e-05,boy
104729,1984,Kirby,7.6e-05,boy
104730,1984,Adolfo,7.5e-05,boy
104731,1984,Brain,7.5e-05,boy
104732,1984,Lincoln,7.5e-05,boy
104733,1984,Aric,7.5e-05,boy
104734,1984,Davin,7.5e-05,boy
104735,1984,Jace,7.5e-05,boy
104736,1984,Ahmed,7.4e-05,boy
104737,1984,Bart,7.4e-05,boy
104738,1984,Tyrel,7.4e-05,boy
104739,1984,Bennett,7.4e-05,boy
104740,1984,Keon,7.4e-05,boy
104741,1984,Abram,7.3e-05,boy
104742,1984,Brandan,7.3e-05,boy
104743,1984,Domingo,7.3e-05,boy
104744,1984,Vaughn,7.3e-05,boy
104745,1984,Tommie,7.2e-05,boy
104746,1984,Carter,7.2e-05,boy
104747,1984,Duncan,7.2e-05,boy
104748,1984,Gonzalo,7.2e-05,boy
104749,1984,Reggie,7.2e-05,boy
104750,1984,Bronson,7e-05,boy
104751,1984,Ellis,7e-05,boy
104752,1984,Rocco,7e-05,boy
104753,1984,Jeremie,7e-05,boy
104754,1984,Judson,7e-05,boy
104755,1984,Scottie,7e-05,boy
104756,1984,Buddy,6.9e-05,boy
104757,1984,Donny,6.9e-05,boy
104758,1984,Jacques,6.9e-05,boy
104759,1984,Tad,6.9e-05,boy
104760,1984,Tyree,6.9e-05,boy
104761,1984,Broderick,6.9e-05,boy
104762,1984,Colton,6.9e-05,boy
104763,1984,Octavio,6.9e-05,boy
104764,1984,Alphonso,6.8e-05,boy
104765,1984,Cortney,6.8e-05,boy
104766,1984,Mack,6.8e-05,boy
104767,1984,Jaron,6.7e-05,boy
104768,1984,Mikel,6.7e-05,boy
104769,1984,Antony,6.7e-05,boy
104770,1984,Dejuan,6.7e-05,boy
104771,1984,Lukas,6.7e-05,boy
104772,1984,Paris,6.7e-05,boy
104773,1984,Cristopher,6.6e-05,boy
104774,1984,Grady,6.6e-05,boy
104775,1984,Michel,6.6e-05,boy
104776,1984,Moshe,6.6e-05,boy
104777,1984,Van,6.6e-05,boy
104778,1984,Darrick,6.6e-05,boy
104779,1984,Jeffry,6.6e-05,boy
104780,1984,Jerald,6.6e-05,boy
104781,1984,Kelsey,6.6e-05,boy
104782,1984,Louie,6.6e-05,boy
104783,1984,Scot,6.6e-05,boy
104784,1984,Darwin,6.5e-05,boy
104785,1984,Dirk,6.5e-05,boy
104786,1984,Edmond,6.5e-05,boy
104787,1984,Isidro,6.5e-05,boy
104788,1984,Sarah,6.5e-05,boy
104789,1984,Tim,6.5e-05,boy
104790,1984,Kris,6.5e-05,boy
104791,1984,Monte,6.5e-05,boy
104792,1984,Isiah,6.4e-05,boy
104793,1984,Rhett,6.4e-05,boy
104794,1984,Andrea,6.4e-05,boy
104795,1984,Coleman,6.4e-05,boy
104796,1984,Hassan,6.4e-05,boy
104797,1984,Muhammad,6.4e-05,boy
104798,1984,Osvaldo,6.4e-05,boy
104799,1984,Asa,6.3e-05,boy
104800,1984,Elton,6.3e-05,boy
104801,1984,Jeremey,6.3e-05,boy
104802,1984,Tyron,6.3e-05,boy
104803,1984,Estevan,6.2e-05,boy
104804,1984,German,6.2e-05,boy
104805,1984,Jamil,6.2e-05,boy
104806,1984,Chandler,6.2e-05,boy
104807,1984,Cliff,6.2e-05,boy
104808,1984,Javon,6.2e-05,boy
104809,1984,Jeromy,6.2e-05,boy
104810,1984,Ken,6.2e-05,boy
104811,1984,Kristoffer,6.2e-05,boy
104812,1984,Mohammed,6.2e-05,boy
104813,1984,Nestor,6.1e-05,boy
104814,1984,Shelton,6.1e-05,boy
104815,1984,Chaim,6.1e-05,boy
104816,1984,Cleveland,6.1e-05,boy
104817,1984,Elisha,6.1e-05,boy
104818,1984,Lindsey,6.1e-05,boy
104819,1984,Nicholaus,6.1e-05,boy
104820,1984,Amit,6e-05,boy
104821,1984,Coy,6e-05,boy
104822,1984,Jamey,6e-05,boy
104823,1984,Malik,6e-05,boy
104824,1984,Cornell,6e-05,boy
104825,1984,Donta,6e-05,boy
104826,1984,Horace,6e-05,boy
104827,1984,Shayne,6e-05,boy
104828,1984,Daron,5.9e-05,boy
104829,1984,Fidel,5.9e-05,boy
104830,1984,Jedidiah,5.9e-05,boy
104831,1984,Leif,5.9e-05,boy
104832,1984,Gregorio,5.9e-05,boy
104833,1984,Justen,5.9e-05,boy
104834,1984,Raymundo,5.9e-05,boy
104835,1984,Ulysses,5.9e-05,boy
104836,1984,Aldo,5.8e-05,boy
104837,1984,Amanda,5.8e-05,boy
104838,1984,Devan,5.8e-05,boy
104839,1984,Kraig,5.8e-05,boy
104840,1984,Stephon,5.8e-05,boy
104841,1984,Wilbert,5.8e-05,boy
104842,1984,August,5.8e-05,boy
104843,1984,Jeramie,5.8e-05,boy
104844,1984,Marlin,5.8e-05,boy
104845,1984,Randell,5.8e-05,boy
104846,1984,Rufus,5.8e-05,boy
104847,1984,Britton,5.7e-05,boy
104848,1984,Dalton,5.7e-05,boy
104849,1984,Houston,5.7e-05,boy
104850,1984,Stephanie,5.7e-05,boy
104851,1984,Christoper,5.7e-05,boy
104852,1984,Darrius,5.7e-05,boy
104853,1984,Darron,5.7e-05,boy
104854,1984,Elvin,5.7e-05,boy
104855,1984,Hubert,5.7e-05,boy
104856,1984,Lazaro,5.7e-05,boy
104857,1984,Ari,5.6e-05,boy
104858,1984,Delbert,5.6e-05,boy
104859,1984,Federico,5.6e-05,boy
104860,1984,Rickie,5.6e-05,boy
104861,1984,Danial,5.6e-05,boy
104862,1984,Kip,5.6e-05,boy
104863,1984,Ramsey,5.6e-05,boy
104864,1984,Ernie,5.5e-05,boy
104865,1984,Johnpaul,5.5e-05,boy
104866,1984,Lynn,5.5e-05,boy
104867,1984,Silas,5.5e-05,boy
104868,1984,Willard,5.5e-05,boy
104869,1984,Bernardo,5.4e-05,boy
104870,1984,Cruz,5.4e-05,boy
104871,1984,Denny,5.4e-05,boy
104872,1984,Eloy,5.4e-05,boy
104873,1984,Junior,5.4e-05,boy
104874,1984,Marquise,5.4e-05,boy
104875,1984,Brandt,5.4e-05,boy
104876,1984,Eddy,5.4e-05,boy
104877,1984,Emmett,5.4e-05,boy
104878,1984,Coty,5.3e-05,boy
104879,1984,Dontae,5.3e-05,boy
104880,1984,Gino,5.3e-05,boy
104881,1984,Grayson,5.3e-05,boy
104882,1984,Percy,5.2e-05,boy
104883,1984,Brody,5.2e-05,boy
104884,1984,Eliezer,5.2e-05,boy
104885,1984,Isaias,5.2e-05,boy
104886,1984,Keven,5.2e-05,boy
104887,1984,Lowell,5.2e-05,boy
104888,1984,Russel,5.2e-05,boy
104889,1984,Theron,5.2e-05,boy
104890,1984,Edwardo,5.1e-05,boy
104891,1984,Efren,5.1e-05,boy
104892,1984,Garett,5.1e-05,boy
104893,1984,Hank,5.1e-05,boy
104894,1984,Jedediah,5.1e-05,boy
104895,1984,Rashawn,5.1e-05,boy
104896,1984,Augustine,5.1e-05,boy
104897,1984,Denver,5.1e-05,boy
104898,1984,Juston,5.1e-05,boy
104899,1984,Ronny,5.1e-05,boy
104900,1984,Samson,5.1e-05,boy
104901,1984,Wilfred,5.1e-05,boy
104902,1984,Armand,5e-05,boy
104903,1984,Jereme,5e-05,boy
104904,1984,Justine,5e-05,boy
104905,1984,Lauren,5e-05,boy
104906,1984,Renaldo,5e-05,boy
104907,1984,Valentin,5e-05,boy
104908,1984,Adrain,5e-05,boy
104909,1984,Dario,5e-05,boy
104910,1984,Dewey,5e-05,boy
104911,1984,Elizabeth,5e-05,boy
104912,1984,Francesco,5e-05,boy
104913,1984,Andreas,4.9e-05,boy
104914,1984,Edgardo,4.9e-05,boy
104915,1984,Giuseppe,4.9e-05,boy
104916,1984,Kim,4.9e-05,boy
104917,1984,Samir,4.9e-05,boy
104918,1984,Brannon,4.9e-05,boy
104919,1984,Deven,4.9e-05,boy
104920,1984,Jerrad,4.9e-05,boy
104921,1984,Cooper,4.8e-05,boy
104922,1984,Cullen,4.8e-05,boy
104923,1984,Genaro,4.8e-05,boy
104924,1984,Jade,4.8e-05,boy
104925,1984,Martell,4.8e-05,boy
104926,1984,Rasheed,4.8e-05,boy
104927,1984,Stacey,4.8e-05,boy
104928,1984,Tavares,4.8e-05,boy
104929,1984,Al,4.7e-05,boy
104930,1984,Erwin,4.7e-05,boy
104931,1984,Jarad,4.7e-05,boy
104932,1984,Jarrell,4.7e-05,boy
104933,1984,Rodger,4.7e-05,boy
104934,1984,Simeon,4.7e-05,boy
104935,1984,Torrey,4.7e-05,boy
104936,1984,Baby,4.7e-05,boy
104937,1984,Brandin,4.7e-05,boy
104938,1984,Chet,4.7e-05,boy
104939,1984,Dustan,4.7e-05,boy
104940,1984,Emerson,4.7e-05,boy
104941,1984,Lamarcus,4.7e-05,boy
104942,1984,Alonso,4.6e-05,boy
104943,1984,Chadd,4.6e-05,boy
104944,1984,Christina,4.6e-05,boy
104945,1984,Dedrick,4.6e-05,boy
104946,1984,Jefferey,4.6e-05,boy
104947,1984,Trever,4.6e-05,boy
104948,1984,Eliseo,4.6e-05,boy
104949,1984,Garland,4.6e-05,boy
104950,1984,Greggory,4.6e-05,boy
104951,1984,Jamin,4.6e-05,boy
104952,1984,Remington,4.6e-05,boy
104953,1984,Stevie,4.6e-05,boy
104954,1984,Anwar,4.5e-05,boy
104955,1984,Danielle,4.5e-05,boy
104956,1984,Deric,4.5e-05,boy
104957,1984,Deron,4.5e-05,boy
104958,1984,Errol,4.5e-05,boy
104959,1984,Garrick,4.5e-05,boy
104960,1984,Irvin,4.5e-05,boy
104961,1984,Kai,4.5e-05,boy
104962,1984,Maria,4.5e-05,boy
104963,1984,Pierce,4.5e-05,boy
104964,1984,Tavon,4.5e-05,boy
104965,1984,Walker,4.5e-05,boy
104966,1984,Benjamen,4.5e-05,boy
104967,1984,Emil,4.5e-05,boy
104968,1984,Jakob,4.5e-05,boy
104969,1984,Johathan,4.5e-05,boy
104970,1984,Marcellus,4.5e-05,boy
104971,1984,Travon,4.5e-05,boy
104972,1984,Arnulfo,4.4e-05,boy
104973,1984,Carmelo,4.4e-05,boy
104974,1984,Cristobal,4.4e-05,boy
104975,1984,Deonte,4.4e-05,boy
104976,1984,Jude,4.4e-05,boy
104977,1984,Kenyon,4.4e-05,boy
104978,1984,Melissa,4.4e-05,boy
104979,1984,Raheem,4.4e-05,boy
104980,1984,Zebulon,4.4e-05,boy
104981,1984,Eliot,4.4e-05,boy
104982,1984,Ezequiel,4.4e-05,boy
104983,1984,Rachel,4.4e-05,boy
104984,1984,Vince,4.4e-05,boy
104985,1984,Anderson,4.3e-05,boy
104986,1984,Griffin,4.3e-05,boy
104987,1984,Jermey,4.3e-05,boy
104988,1984,Kameron,4.3e-05,boy
104989,1984,Billie,4.3e-05,boy
104990,1984,Coby,4.3e-05,boy
104991,1984,Laron,4.3e-05,boy
104992,1984,Lars,4.3e-05,boy
104993,1984,Leopoldo,4.3e-05,boy
104994,1984,Tavaris,4.3e-05,boy
104995,1984,Tye,4.3e-05,boy
104996,1984,Tylor,4.3e-05,boy
104997,1984,Abdul,4.2e-05,boy
104998,1984,Darian,4.2e-05,boy
104999,1984,Franco,4.2e-05,boy
105000,1985,Michael,0.033745,boy
105001,1985,Christopher,0.031054,boy
105002,1985,Matthew,0.024469,boy
105003,1985,Joshua,0.021946,boy
105004,1985,Daniel,0.020035,boy
105005,1985,David,0.020023,boy
105006,1985,James,0.018641,boy
105007,1985,Robert,0.016683,boy
105008,1985,John,0.016375,boy
105009,1985,Joseph,0.015708,boy
105010,1985,Andrew,0.015683,boy
105011,1985,Ryan,0.015545,boy
105012,1985,Brandon,0.015239,boy
105013,1985,Jason,0.013533,boy
105014,1985,Justin,0.013285,boy
105015,1985,William,0.012802,boy
105016,1985,Jonathan,0.012541,boy
105017,1985,Brian,0.011994,boy
105018,1985,Nicholas,0.011635,boy
105019,1985,Anthony,0.011483,boy
105020,1985,Eric,0.010839,boy
105021,1985,Adam,0.010487,boy
105022,1985,Kevin,0.009781,boy
105023,1985,Steven,0.009735,boy
105024,1985,Thomas,0.009147,boy
105025,1985,Timothy,0.008914,boy
105026,1985,Kyle,0.008583,boy
105027,1985,Richard,0.00797,boy
105028,1985,Jeffrey,0.00754,boy
105029,1985,Jeremy,0.006992,boy
105030,1985,Benjamin,0.00698,boy
105031,1985,Mark,0.006855,boy
105032,1985,Aaron,0.006826,boy
105033,1985,Charles,0.006703,boy
105034,1985,Jacob,0.00638,boy
105035,1985,Stephen,0.006348,boy
105036,1985,Patrick,0.006045,boy
105037,1985,Sean,0.005954,boy
105038,1985,Zachary,0.0059,boy
105039,1985,Nathan,0.005536,boy
105040,1985,Dustin,0.00543,boy
105041,1985,Paul,0.005365,boy
105042,1985,Tyler,0.005308,boy
105043,1985,Scott,0.005269,boy
105044,1985,Gregory,0.00508,boy
105045,1985,Travis,0.004725,boy
105046,1985,Kenneth,0.004676,boy
105047,1985,Bryan,0.004535,boy
105048,1985,Jose,0.004367,boy
105049,1985,Alexander,0.004309,boy
105050,1985,Jesse,0.004275,boy
105051,1985,Cody,0.003688,boy
105052,1985,Bradley,0.003644,boy
105053,1985,Samuel,0.003638,boy
105054,1985,Shawn,0.003631,boy
105055,1985,Derek,0.003462,boy
105056,1985,Chad,0.003362,boy
105057,1985,Jared,0.003059,boy
105058,1985,Edward,0.003046,boy
105059,1985,Peter,0.002945,boy
105060,1985,Marcus,0.002905,boy
105061,1985,Jordan,0.002838,boy
105062,1985,Corey,0.002719,boy
105063,1985,Keith,0.002711,boy
105064,1985,Juan,0.002522,boy
105065,1985,Donald,0.00247,boy
105066,1985,Joel,0.002405,boy
105067,1985,Shane,0.002366,boy
105068,1985,Phillip,0.002337,boy
105069,1985,Brett,0.002249,boy
105070,1985,Ronald,0.002236,boy
105071,1985,George,0.002212,boy
105072,1985,Antonio,0.002154,boy
105073,1985,Raymond,0.002126,boy
105074,1985,Carlos,0.002121,boy
105075,1985,Douglas,0.002091,boy
105076,1985,Nathaniel,0.002082,boy
105077,1985,Ian,0.002079,boy
105078,1985,Craig,0.002054,boy
105079,1985,Alex,0.00203,boy
105080,1985,Cory,0.002011,boy
105081,1985,Gary,0.001982,boy
105082,1985,Derrick,0.001965,boy
105083,1985,Philip,0.001942,boy
105084,1985,Luis,0.001924,boy
105085,1985,Casey,0.001817,boy
105086,1985,Erik,0.00175,boy
105087,1985,Victor,0.001731,boy
105088,1985,Brent,0.001726,boy
105089,1985,Frank,0.001715,boy
105090,1985,Evan,0.001675,boy
105091,1985,Gabriel,0.001668,boy
105092,1985,Adrian,0.001627,boy
105093,1985,Wesley,0.001581,boy
105094,1985,Vincent,0.001578,boy
105095,1985,Jeffery,0.001532,boy
105096,1985,Larry,0.001532,boy
105097,1985,Curtis,0.001529,boy
105098,1985,Todd,0.001529,boy
105099,1985,Blake,0.001517,boy
105100,1985,Christian,0.001514,boy
105101,1985,Randy,0.0015,boy
105102,1985,Dennis,0.001478,boy
105103,1985,Trevor,0.001466,boy
105104,1985,Seth,0.001466,boy
105105,1985,Luke,0.001425,boy
105106,1985,Austin,0.001417,boy
105107,1985,Alan,0.001396,boy
105108,1985,Jesus,0.001393,boy
105109,1985,Russell,0.001336,boy
105110,1985,Jeremiah,0.001318,boy
105111,1985,Carl,0.001314,boy
105112,1985,Tony,0.001311,boy
105113,1985,Miguel,0.00131,boy
105114,1985,Mitchell,0.001274,boy
105115,1985,Jerry,0.001261,boy
105116,1985,Mario,0.001256,boy
105117,1985,Johnathan,0.001245,boy
105118,1985,Terry,0.001234,boy
105119,1985,Shaun,0.001221,boy
105120,1985,Devin,0.001213,boy
105121,1985,Troy,0.001204,boy
105122,1985,Lucas,0.001203,boy
105123,1985,Andre,0.001188,boy
105124,1985,Jorge,0.001188,boy
105125,1985,Drew,0.001181,boy
105126,1985,Johnny,0.001148,boy
105127,1985,Allen,0.001139,boy
105128,1985,Marc,0.001122,boy
105129,1985,Lance,0.001119,boy
105130,1985,Ricardo,0.001111,boy
105131,1985,Martin,0.00111,boy
105132,1985,Chase,0.001106,boy
105133,1985,Kristopher,0.001095,boy
105134,1985,Bobby,0.001089,boy
105135,1985,Caleb,0.001083,boy
105136,1985,Henry,0.001072,boy
105137,1985,Garrett,0.001068,boy
105138,1985,Jonathon,0.001056,boy
105139,1985,Francisco,0.001048,boy
105140,1985,Danny,0.001046,boy
105141,1985,Lee,0.001042,boy
105142,1985,Manuel,0.001027,boy
105143,1985,Lawrence,0.001009,boy
105144,1985,Ricky,0.001006,boy
105145,1985,Randall,0.000993,boy
105146,1985,Ross,0.000981,boy
105147,1985,Mathew,0.000977,boy
105148,1985,Jimmy,0.000971,boy
105149,1985,Billy,0.000952,boy
105150,1985,Jon,0.000936,boy
105151,1985,Albert,0.000935,boy
105152,1985,Taylor,0.000933,boy
105153,1985,Cameron,0.000931,boy
105154,1985,Micheal,0.000916,boy
105155,1985,Colin,0.000905,boy
105156,1985,Clayton,0.000895,boy
105157,1985,Arthur,0.00089,boy
105158,1985,Roger,0.000888,boy
105159,1985,Roberto,0.000887,boy
105160,1985,Darren,0.000883,boy
105161,1985,Clinton,0.000879,boy
105162,1985,Walter,0.000878,boy
105163,1985,Louis,0.000874,boy
105164,1985,Isaac,0.000868,boy
105165,1985,Grant,0.00086,boy
105166,1985,Jamie,0.000848,boy
105167,1985,Rodney,0.000842,boy
105168,1985,Joe,0.000829,boy
105169,1985,Oscar,0.000826,boy
105170,1985,Willie,0.000819,boy
105171,1985,Angel,0.000813,boy
105172,1985,Maurice,0.000812,boy
105173,1985,Julian,0.000793,boy
105174,1985,Calvin,0.000791,boy
105175,1985,Jack,0.00079,boy
105176,1985,Jay,0.000789,boy
105177,1985,Hector,0.000778,boy
105178,1985,Alejandro,0.000757,boy
105179,1985,Ruben,0.000756,boy
105180,1985,Gerald,0.000753,boy
105181,1985,Javier,0.000739,boy
105182,1985,Bruce,0.000735,boy
105183,1985,Wayne,0.000719,boy
105184,1985,Brendan,0.000718,boy
105185,1985,Roy,0.000718,boy
105186,1985,Edwin,0.000692,boy
105187,1985,Dylan,0.00069,boy
105188,1985,Dominic,0.00069,boy
105189,1985,Geoffrey,0.000688,boy
105190,1985,Darrell,0.000687,boy
105191,1985,Reginald,0.000682,boy
105192,1985,Fernando,0.000671,boy
105193,1985,Sergio,0.000656,boy
105194,1985,Rafael,0.000648,boy
105195,1985,Pedro,0.000647,boy
105196,1985,Frederick,0.000637,boy
105197,1985,Tyrone,0.000634,boy
105198,1985,Jerome,0.00063,boy
105199,1985,Omar,0.00063,boy
105200,1985,Theodore,0.000629,boy
105201,1985,Neil,0.000626,boy
105202,1985,Terrance,0.000619,boy
105203,1985,Cole,0.000616,boy
105204,1985,Jaime,0.000615,boy
105205,1985,Jermaine,0.000602,boy
105206,1985,Eddie,0.000598,boy
105207,1985,Micah,0.000596,boy
105208,1985,Brad,0.000594,boy
105209,1985,Levi,0.000594,boy
105210,1985,Marvin,0.000594,boy
105211,1985,Emmanuel,0.000593,boy
105212,1985,Jessie,0.000589,boy
105213,1985,Darryl,0.000586,boy
105214,1985,Ronnie,0.000584,boy
105215,1985,Spencer,0.00058,boy
105216,1985,Noah,0.000576,boy
105217,1985,Raul,0.000575,boy
105218,1985,Dale,0.000569,boy
105219,1985,Ernest,0.000557,boy
105220,1985,Jake,0.000555,boy
105221,1985,Tristan,0.000551,boy
105222,1985,Eduardo,0.000546,boy
105223,1985,Ivan,0.000544,boy
105224,1985,Alberto,0.000541,boy
105225,1985,Andres,0.00054,boy
105226,1985,Armando,0.000528,boy
105227,1985,Kurt,0.000525,boy
105228,1985,Dane,0.000521,boy
105229,1985,Glenn,0.000521,boy
105230,1985,Eugene,0.000517,boy
105231,1985,Nicolas,0.000517,boy
105232,1985,Logan,0.000515,boy
105233,1985,Steve,0.000514,boy
105234,1985,Ramon,0.000513,boy
105235,1985,Bryce,0.000512,boy
105236,1985,Tommy,0.000511,boy
105237,1985,Preston,0.000508,boy
105238,1985,Devon,0.000507,boy
105239,1985,Barry,0.000503,boy
105240,1985,Marco,0.000501,boy
105241,1985,Karl,0.000497,boy
105242,1985,Leonard,0.000496,boy
105243,1985,Terrence,0.000489,boy
105244,1985,Francis,0.000485,boy
105245,1985,Tyson,0.000485,boy
105246,1985,Stanley,0.000477,boy
105247,1985,Brady,0.000476,boy
105248,1985,Melvin,0.000471,boy
105249,1985,Jarrod,0.000468,boy
105250,1985,Cesar,0.000466,boy
105251,1985,Byron,0.000465,boy
105252,1985,Clifford,0.000465,boy
105253,1985,Terrell,0.000463,boy
105254,1985,Kelly,0.000463,boy
105255,1985,Julio,0.000461,boy
105256,1985,Edgar,0.000459,boy
105257,1985,Dwayne,0.000457,boy
105258,1985,Harold,0.000444,boy
105259,1985,Abraham,0.000439,boy
105260,1985,Cedric,0.000438,boy
105261,1985,Antoine,0.000431,boy
105262,1985,Erick,0.000429,boy
105263,1985,Branden,0.000421,boy
105264,1985,Franklin,0.000421,boy
105265,1985,Dean,0.000417,boy
105266,1985,Lorenzo,0.000417,boy
105267,1985,Stuart,0.000405,boy
105268,1985,Harry,0.000404,boy
105269,1985,Alfredo,0.0004,boy
105270,1985,Ray,0.000399,boy
105271,1985,Arturo,0.000398,boy
105272,1985,Joey,0.000397,boy
105273,1985,Max,0.000395,boy
105274,1985,Andy,0.000394,boy
105275,1985,Johnathon,0.000393,boy
105276,1985,Ralph,0.000391,boy
105277,1985,Warren,0.00039,boy
105278,1985,Kelvin,0.000385,boy
105279,1985,Courtney,0.00038,boy
105280,1985,Orlando,0.00038,boy
105281,1985,Rene,0.00038,boy
105282,1985,Leon,0.000377,boy
105283,1985,Marcos,0.000376,boy
105284,1985,Daryl,0.000372,boy
105285,1985,Marshall,0.000372,boy
105286,1985,Colby,0.000372,boy
105287,1985,Brock,0.00037,boy
105288,1985,Gerardo,0.000368,boy
105289,1985,Nelson,0.000367,boy
105290,1985,Alvin,0.000367,boy
105291,1985,Trent,0.000363,boy
105292,1985,Enrique,0.000363,boy
105293,1985,Shannon,0.000359,boy
105294,1985,Earl,0.000359,boy
105295,1985,Gilbert,0.000358,boy
105296,1985,Damien,0.000357,boy
105297,1985,Kirk,0.000355,boy
105298,1985,Morgan,0.000354,boy
105299,1985,Elijah,0.000353,boy
105300,1985,Clarence,0.000352,boy
105301,1985,Desmond,0.000352,boy
105302,1985,Howard,0.000352,boy
105303,1985,Alfred,0.000351,boy
105304,1985,Darnell,0.000351,boy
105305,1985,Nickolas,0.000349,boy
105306,1985,Roderick,0.000349,boy
105307,1985,Ethan,0.000346,boy
105308,1985,Trenton,0.000343,boy
105309,1985,Beau,0.000343,boy
105310,1985,Demetrius,0.000341,boy
105311,1985,Bernard,0.000339,boy
105312,1985,Chance,0.000338,boy
105313,1985,Wade,0.000338,boy
105314,1985,Bryant,0.000337,boy
105315,1985,Clifton,0.000335,boy
105316,1985,Zachery,0.000335,boy
105317,1985,Angelo,0.000332,boy
105318,1985,Ernesto,0.000328,boy
105319,1985,Isaiah,0.000327,boy
105320,1985,Xavier,0.000324,boy
105321,1985,Clint,0.000323,boy
105322,1985,Jamal,0.000322,boy
105323,1985,Salvador,0.000321,boy
105324,1985,Darius,0.000317,boy
105325,1985,Chris,0.000316,boy
105326,1985,Landon,0.000314,boy
105327,1985,Brenton,0.000313,boy
105328,1985,Israel,0.00031,boy
105329,1985,Quentin,0.00031,boy
105330,1985,Heath,0.000309,boy
105331,1985,Damon,0.000309,boy
105332,1985,Collin,0.000304,boy
105333,1985,Kenny,0.000298,boy
105334,1985,Norman,0.000298,boy
105335,1985,Duane,0.000295,boy
105336,1985,Hunter,0.000294,boy
105337,1985,Dallas,0.000293,boy
105338,1985,Neal,0.000292,boy
105339,1985,Simon,0.000292,boy
105340,1985,Lewis,0.00029,boy
105341,1985,Eli,0.000287,boy
105342,1985,Charlie,0.000286,boy
105343,1985,Terence,0.000286,boy
105344,1985,Vernon,0.000285,boy
105345,1985,Quinton,0.000283,boy
105346,1985,Leroy,0.00028,boy
105347,1985,Lamar,0.000278,boy
105348,1985,Emanuel,0.000276,boy
105349,1985,Kent,0.000276,boy
105350,1985,Kerry,0.000273,boy
105351,1985,Gavin,0.000272,boy
105352,1985,Perry,0.000271,boy
105353,1985,Alexis,0.00027,boy
105354,1985,Graham,0.00027,boy
105355,1985,Allan,0.000269,boy
105356,1985,Jayson,0.000268,boy
105357,1985,Rudy,0.000267,boy
105358,1985,Tanner,0.000267,boy
105359,1985,Glen,0.000265,boy
105360,1985,Marlon,0.000265,boy
105361,1985,Damian,0.000264,boy
105362,1985,Fredrick,0.000263,boy
105363,1985,Marquis,0.000262,boy
105364,1985,Bret,0.000262,boy
105365,1985,Ashley,0.000261,boy
105366,1985,Kurtis,0.000261,boy
105367,1985,Dwight,0.00026,boy
105368,1985,Rickey,0.00026,boy
105369,1985,Josiah,0.000259,boy
105370,1985,Rory,0.000259,boy
105371,1985,Julius,0.000255,boy
105372,1985,Zachariah,0.000255,boy
105373,1985,Gordon,0.000254,boy
105374,1985,Dana,0.000251,boy
105375,1985,Deandre,0.00025,boy
105376,1985,Jarrett,0.00025,boy
105377,1985,Felix,0.000249,boy
105378,1985,Nolan,0.000248,boy
105379,1985,Lonnie,0.000247,boy
105380,1985,Don,0.000246,boy
105381,1985,Rodolfo,0.000244,boy
105382,1985,Kendall,0.000242,boy
105383,1985,Maxwell,0.000242,boy
105384,1985,Kendrick,0.000241,boy
105385,1985,Fred,0.00024,boy
105386,1985,Jarvis,0.00024,boy
105387,1985,Donovan,0.00024,boy
105388,1985,Abel,0.000239,boy
105389,1985,Pablo,0.000239,boy
105390,1985,Elliott,0.000239,boy
105391,1985,Alfonso,0.000238,boy
105392,1985,Stephan,0.000238,boy
105393,1985,Tyrell,0.000238,boy
105394,1985,Miles,0.000238,boy
105395,1985,Fabian,0.000237,boy
105396,1985,Bradford,0.000236,boy
105397,1985,Elliot,0.000236,boy
105398,1985,Mason,0.000236,boy
105399,1985,Gustavo,0.000235,boy
105400,1985,Derick,0.000234,boy
105401,1985,Jarred,0.000233,boy
105402,1985,Pierre,0.000233,boy
105403,1985,Jamar,0.000232,boy
105404,1985,Leo,0.000232,boy
105405,1985,Lloyd,0.000232,boy
105406,1985,Noel,0.000231,boy
105407,1985,Rick,0.00023,boy
105408,1985,Herbert,0.000224,boy
105409,1985,Guillermo,0.000223,boy
105410,1985,Elias,0.000222,boy
105411,1985,Ben,0.000221,boy
105412,1985,Dominick,0.00022,boy
105413,1985,Stefan,0.00022,boy
105414,1985,Jameson,0.000219,boy
105415,1985,Darin,0.000218,boy
105416,1985,Josue,0.000217,boy
105417,1985,Clay,0.000216,boy
105418,1985,Ismael,0.000216,boy
105419,1985,Roland,0.000216,boy
105420,1985,Harrison,0.000215,boy
105421,1985,Owen,0.000214,boy
105422,1985,Rocky,0.000213,boy
105423,1985,Dexter,0.000213,boy
105424,1985,Kory,0.000212,boy
105425,1985,Saul,0.000212,boy
105426,1985,Rolando,0.00021,boy
105427,1985,Lionel,0.000209,boy
105428,1985,Dante,0.000207,boy
105429,1985,Trey,0.000206,boy
105430,1985,Skyler,0.000204,boy
105431,1985,Rogelio,0.000202,boy
105432,1985,Felipe,0.000201,boy
105433,1985,Malcolm,0.000201,boy
105434,1985,Dominique,0.0002,boy
105435,1985,Carlton,0.000197,boy
105436,1985,Darrin,0.000197,boy
105437,1985,Dillon,0.000197,boy
105438,1985,Cornelius,0.000196,boy
105439,1985,Loren,0.000195,boy
105440,1985,Jeff,0.000194,boy
105441,1985,Robin,0.000193,boy
105442,1985,Donte,0.000193,boy
105443,1985,Jerrod,0.000191,boy
105444,1985,Oliver,0.000191,boy
105445,1985,Guy,0.00019,boy
105446,1985,Gilberto,0.00019,boy
105447,1985,Milton,0.00019,boy
105448,1985,Esteban,0.000189,boy
105449,1985,Antwan,0.000189,boy
105450,1985,Roman,0.000188,boy
105451,1985,Ty,0.000187,boy
105452,1985,Freddie,0.000185,boy
105453,1985,Kellen,0.000185,boy
105454,1985,Demarcus,0.000184,boy
105455,1985,Alvaro,0.000184,boy
105456,1985,Dusty,0.000183,boy
105457,1985,Nathanael,0.000183,boy
105458,1985,Sidney,0.000183,boy
105459,1985,Mike,0.000181,boy
105460,1985,Tracy,0.000181,boy
105461,1985,Sam,0.000181,boy
105462,1985,Jamaal,0.00018,boy
105463,1985,Diego,0.000178,boy
105464,1985,Gene,0.000178,boy
105465,1985,Gerard,0.000178,boy
105466,1985,Salvatore,0.000178,boy
105467,1985,Weston,0.000178,boy
105468,1985,Jimmie,0.000177,boy
105469,1985,Zackary,0.000177,boy
105470,1985,Hugo,0.000176,boy
105471,1985,Donnie,0.000176,boy
105472,1985,Leslie,0.000173,boy
105473,1985,Riley,0.000173,boy
105474,1985,Johnnie,0.000172,boy
105475,1985,Zane,0.000172,boy
105476,1985,Greg,0.00017,boy
105477,1985,Quincy,0.00017,boy
105478,1985,Frankie,0.00017,boy
105479,1985,Rusty,0.00017,boy
105480,1985,Randolph,0.000169,boy
105481,1985,Sheldon,0.000169,boy
105482,1985,Tomas,0.000168,boy
105483,1985,Lester,0.000167,boy
105484,1985,Toby,0.000167,boy
105485,1985,Brendon,0.000165,boy
105486,1985,Korey,0.000165,boy
105487,1985,Alonzo,0.000163,boy
105488,1985,Dewayne,0.000163,boy
105489,1985,Moses,0.000163,boy
105490,1985,Forrest,0.000162,boy
105491,1985,Parker,0.000162,boy
105492,1985,Blaine,0.000161,boy
105493,1985,Zackery,0.000161,boy
105494,1985,Herman,0.000161,boy
105495,1985,Bryon,0.000159,boy
105496,1985,Floyd,0.000158,boy
105497,1985,Giovanni,0.000158,boy
105498,1985,Jarod,0.000158,boy
105499,1985,Jamel,0.000158,boy
105500,1985,Kody,0.000158,boy
105501,1985,Kasey,0.000156,boy
105502,1985,Leonardo,0.000156,boy
105503,1985,Jackie,0.000156,boy
105504,1985,Reid,0.000155,boy
105505,1985,Jody,0.000154,boy
105506,1985,Moises,0.000154,boy
105507,1985,Brooks,0.000152,boy
105508,1985,Everett,0.000152,boy
105509,1985,Ramiro,0.000152,boy
105510,1985,Lamont,0.000151,boy
105511,1985,Alec,0.000151,boy
105512,1985,Ariel,0.000151,boy
105513,1985,Jackson,0.00015,boy
105514,1985,Ryne,0.000149,boy
105515,1985,Sebastian,0.000149,boy
105516,1985,Scotty,0.000148,boy
105517,1985,Chadwick,0.000147,boy
105518,1985,Clark,0.000147,boy
105519,1985,Stewart,0.000146,boy
105520,1985,Ali,0.000146,boy
105521,1985,Kareem,0.000145,boy
105522,1985,Reuben,0.000145,boy
105523,1985,Braden,0.000144,boy
105524,1985,Clyde,0.000144,boy
105525,1985,Wilson,0.000144,boy
105526,1985,Keenan,0.000142,boy
105527,1985,Sterling,0.000142,boy
105528,1985,Colt,0.000142,boy
105529,1985,Kristofer,0.000142,boy
105530,1985,Cecil,0.000138,boy
105531,1985,Jamison,0.000138,boy
105532,1985,Jonah,0.000138,boy
105533,1985,Santiago,0.000138,boy
105534,1985,Ted,0.000138,boy
105535,1985,Dan,0.000137,boy
105536,1985,Myron,0.000137,boy
105537,1985,Randal,0.000137,boy
105538,1985,Reynaldo,0.000137,boy
105539,1985,Deangelo,0.000137,boy
105540,1985,Chester,0.000136,boy
105541,1985,Jess,0.000136,boy
105542,1985,Noe,0.000136,boy
105543,1985,Rex,0.000136,boy
105544,1985,Garret,0.000135,boy
105545,1985,Avery,0.000135,boy
105546,1985,Freddy,0.000134,boy
105547,1985,Carson,0.000133,boy
105548,1985,Quintin,0.000133,boy
105549,1985,Raphael,0.000133,boy
105550,1985,Joaquin,0.000132,boy
105551,1985,Brennan,0.000131,boy
105552,1985,Erich,0.000131,boy
105553,1985,Nick,0.000131,boy
105554,1985,Dion,0.000131,boy
105555,1985,Garry,0.000131,boy
105556,1985,Deon,0.00013,boy
105557,1985,Brice,0.000129,boy
105558,1985,Jean,0.000129,boy
105559,1985,Guadalupe,0.000129,boy
105560,1985,Josh,0.000129,boy
105561,1985,Wendell,0.000129,boy
105562,1985,Efrain,0.000127,boy
105563,1985,Lyle,0.000127,boy
105564,1985,Solomon,0.000127,boy
105565,1985,Jordon,0.000126,boy
105566,1985,Rigoberto,0.000126,boy
105567,1985,Sammy,0.000126,boy
105568,1985,Adan,0.000125,boy
105569,1985,Aron,0.000124,boy
105570,1985,Humberto,0.000124,boy
105571,1985,Whitney,0.000123,boy
105572,1985,Shea,0.000122,boy
105573,1985,Aubrey,0.000121,boy
105574,1985,Amos,0.000121,boy
105575,1985,Barrett,0.000121,boy
105576,1985,Harvey,0.00012,boy
105577,1985,Reed,0.00012,boy
105578,1985,Ashton,0.000119,boy
105579,1985,Jessica,0.000119,boy
105580,1985,Anton,0.000118,boy
105581,1985,Harley,0.000117,boy
105582,1985,Vicente,0.000117,boy
105583,1985,Dorian,0.000117,boy
105584,1985,Hugh,0.000117,boy
105585,1985,Thaddeus,0.000117,boy
105586,1985,Conrad,0.000116,boy
105587,1985,Marques,0.000116,boy
105588,1985,Emilio,0.000115,boy
105589,1985,Kiel,0.000115,boy
105590,1985,Robbie,0.000115,boy
105591,1985,Winston,0.000115,boy
105592,1985,Nathanial,0.000113,boy
105593,1985,Arron,0.000112,boy
105594,1985,Donnell,0.000112,boy
105595,1985,Mauricio,0.000112,boy
105596,1985,Erin,0.000112,boy
105597,1985,Benny,0.000111,boy
105598,1985,Royce,0.000111,boy
105599,1985,Bradly,0.000111,boy
105600,1985,Jerod,0.000111,boy
105601,1985,Myles,0.00011,boy
105602,1985,Jairo,0.000109,boy
105603,1985,Wyatt,0.000109,boy
105604,1985,Bryson,0.000108,boy
105605,1985,Durell,0.000108,boy
105606,1985,Jim,0.000108,boy
105607,1985,Alton,0.000108,boy
105608,1985,Jerrell,0.000107,boy
105609,1985,Keegan,0.000107,boy
105610,1985,Chaz,0.000106,boy
105611,1985,Deshawn,0.000106,boy
105612,1985,Morris,0.000106,boy
105613,1985,Otis,0.000106,boy
105614,1985,Demario,0.000105,boy
105615,1985,Marcel,0.000105,boy
105616,1985,Will,0.000105,boy
105617,1985,Sonny,0.000104,boy
105618,1985,Conor,0.000104,boy
105619,1985,Elvis,0.000104,boy
105620,1985,Joesph,0.000104,boy
105621,1985,Jovan,0.000104,boy
105622,1985,Ignacio,0.000103,boy
105623,1985,Kaleb,0.000103,boy
105624,1985,Cary,0.000103,boy
105625,1985,Tyree,0.000103,boy
105626,1985,Lukas,0.000102,boy
105627,1985,Nigel,0.000102,boy
105628,1985,Sherman,0.000102,boy
105629,1985,Prince,0.000101,boy
105630,1985,Jonas,0.000101,boy
105631,1985,Sylvester,0.000101,boy
105632,1985,Wilfredo,0.000101,boy
105633,1985,Arnold,0.0001,boy
105634,1985,Brody,0.0001,boy
105635,1985,Cortez,9.9e-05,boy
105636,1985,Markus,9.9e-05,boy
105637,1985,Davon,9.8e-05,boy
105638,1985,Claude,9.8e-05,boy
105639,1985,Antwon,9.7e-05,boy
105640,1985,Cale,9.7e-05,boy
105641,1985,Jerad,9.7e-05,boy
105642,1985,Willis,9.7e-05,boy
105643,1985,Ahmad,9.6e-05,boy
105644,1985,Nikolas,9.6e-05,boy
105645,1985,Kristian,9.5e-05,boy
105646,1985,Leonel,9.5e-05,boy
105647,1985,Pete,9.5e-05,boy
105648,1985,Rodrigo,9.5e-05,boy
105649,1985,Cristian,9.4e-05,boy
105650,1985,Davis,9.4e-05,boy
105651,1985,Blair,9.4e-05,boy
105652,1985,Issac,9.4e-05,boy
105653,1985,Wallace,9.4e-05,boy
105654,1985,Waylon,9.4e-05,boy
105655,1985,Earnest,9.3e-05,boy
105656,1985,Hans,9.3e-05,boy
105657,1985,Lane,9.3e-05,boy
105658,1985,Shelby,9.3e-05,boy
105659,1985,Tom,9.3e-05,boy
105660,1985,Coty,9.2e-05,boy
105661,1985,Jasper,9.2e-05,boy
105662,1985,Bill,9.2e-05,boy
105663,1985,Brandan,9.2e-05,boy
105664,1985,Jace,9.2e-05,boy
105665,1985,Ron,9.2e-05,boy
105666,1985,Santos,9.2e-05,boy
105667,1985,Connor,9.1e-05,boy
105668,1985,Skylar,9.1e-05,boy
105669,1985,Tory,9.1e-05,boy
105670,1985,Carter,9.1e-05,boy
105671,1985,Edmund,9.1e-05,boy
105672,1985,Amir,9e-05,boy
105673,1985,Darrel,9e-05,boy
105674,1985,Derik,9e-05,boy
105675,1985,Quinn,9e-05,boy
105676,1985,Luther,8.9e-05,boy
105677,1985,Colton,8.9e-05,boy
105678,1985,Josef,8.9e-05,boy
105679,1985,Mickey,8.9e-05,boy
105680,1985,Carey,8.8e-05,boy
105681,1985,Ezra,8.8e-05,boy
105682,1985,Jefferson,8.8e-05,boy
105683,1985,Rashad,8.8e-05,boy
105684,1985,Gregg,8.7e-05,boy
105685,1985,Agustin,8.7e-05,boy
105686,1985,Damion,8.6e-05,boy
105687,1985,Leland,8.6e-05,boy
105688,1985,Duncan,8.5e-05,boy
105689,1985,Matt,8.5e-05,boy
105690,1985,Bennett,8.4e-05,boy
105691,1985,Vance,8.4e-05,boy
105692,1985,Brant,8.4e-05,boy
105693,1985,Ira,8.4e-05,boy
105694,1985,Jennifer,8.4e-05,boy
105695,1985,Mitchel,8.4e-05,boy
105696,1985,Akeem,8.3e-05,boy
105697,1985,Tyrel,8.3e-05,boy
105698,1985,Galen,8.3e-05,boy
105699,1985,Robby,8.2e-05,boy
105700,1985,Shayne,8.2e-05,boy
105701,1985,Mikel,8.2e-05,boy
105702,1985,Roosevelt,8.2e-05,boy
105703,1985,Rudolph,8.2e-05,boy
105704,1985,Curt,8.1e-05,boy
105705,1985,Jarrell,8.1e-05,boy
105706,1985,Rodrick,8.1e-05,boy
105707,1985,Brain,8.1e-05,boy
105708,1985,Devan,8.1e-05,boy
105709,1985,Marty,8.1e-05,boy
105710,1985,Rhett,8.1e-05,boy
105711,1985,Marion,8e-05,boy
105712,1985,Javon,8e-05,boy
105713,1985,Bo,7.9e-05,boy
105714,1985,Carlo,7.9e-05,boy
105715,1985,Cassidy,7.9e-05,boy
105716,1985,Dejuan,7.9e-05,boy
105717,1985,Abram,7.8e-05,boy
105718,1985,Heriberto,7.8e-05,boy
105719,1985,Mohammad,7.8e-05,boy
105720,1985,Tobias,7.8e-05,boy
105721,1985,Durrell,7.8e-05,boy
105722,1985,Ellis,7.8e-05,boy
105723,1985,Teddy,7.8e-05,boy
105724,1985,Griffin,7.7e-05,boy
105725,1985,Brenden,7.6e-05,boy
105726,1985,Dave,7.6e-05,boy
105727,1985,Jered,7.6e-05,boy
105728,1985,Tommie,7.6e-05,boy
105729,1985,Liam,7.6e-05,boy
105730,1985,Rico,7.6e-05,boy
105731,1985,Virgil,7.6e-05,boy
105732,1985,Jerald,7.5e-05,boy
105733,1985,Timmy,7.5e-05,boy
105734,1985,Amanda,7.5e-05,boy
105735,1985,Jacques,7.5e-05,boy
105736,1985,Paris,7.5e-05,boy
105737,1985,Taurean,7.5e-05,boy
105738,1985,Alphonso,7.4e-05,boy
105739,1985,Bennie,7.4e-05,boy
105740,1985,Jamil,7.4e-05,boy
105741,1985,Jed,7.4e-05,boy
105742,1985,Jeremie,7.4e-05,boy
105743,1985,Adolfo,7.4e-05,boy
105744,1985,Dereck,7.4e-05,boy
105745,1985,Van,7.4e-05,boy
105746,1985,Asa,7.3e-05,boy
105747,1985,Benito,7.3e-05,boy
105748,1985,Cortney,7.3e-05,boy
105749,1985,Antione,7.3e-05,boy
105750,1985,Coleman,7.3e-05,boy
105751,1985,Tucker,7.3e-05,boy
105752,1985,Elmer,7.2e-05,boy
105753,1985,Jeramy,7.2e-05,boy
105754,1985,Nestor,7.2e-05,boy
105755,1985,Jaron,7.2e-05,boy
105756,1985,Laurence,7.2e-05,boy
105757,1985,Osvaldo,7.2e-05,boy
105758,1985,Stacy,7.1e-05,boy
105759,1985,Cornell,7e-05,boy
105760,1985,Cristopher,7e-05,boy
105761,1985,Kenton,7e-05,boy
105762,1985,Archie,7e-05,boy
105763,1985,Darrick,7e-05,boy
105764,1985,Grayson,7e-05,boy
105765,1985,Titus,7e-05,boy
105766,1985,Aric,6.9e-05,boy
105767,1985,Cyrus,6.9e-05,boy
105768,1985,Grady,6.9e-05,boy
105769,1985,Rocco,6.9e-05,boy
105770,1985,Scottie,6.9e-05,boy
105771,1985,Ervin,6.9e-05,boy
105772,1985,Raymundo,6.8e-05,boy
105773,1985,Daren,6.8e-05,boy
105774,1985,Domingo,6.8e-05,boy
105775,1985,Isiah,6.8e-05,boy
105776,1985,Mohammed,6.8e-05,boy
105777,1985,Reggie,6.8e-05,boy
105778,1985,Vaughn,6.8e-05,boy
105779,1985,Cedrick,6.7e-05,boy
105780,1985,Dalton,6.7e-05,boy
105781,1985,Jeromy,6.7e-05,boy
105782,1985,Darron,6.7e-05,boy
105783,1985,Jan,6.7e-05,boy
105784,1985,Jeffry,6.7e-05,boy
105785,1985,Keon,6.7e-05,boy
105786,1985,Tad,6.7e-05,boy
105787,1985,Gonzalo,6.6e-05,boy
105788,1985,Jedidiah,6.6e-05,boy
105789,1985,Kirby,6.6e-05,boy
105790,1985,Estevan,6.6e-05,boy
105791,1985,Ari,6.5e-05,boy
105792,1985,Chauncey,6.5e-05,boy
105793,1985,Dontae,6.5e-05,boy
105794,1985,Fidel,6.5e-05,boy
105795,1985,Rufus,6.5e-05,boy
105796,1985,Channing,6.5e-05,boy
105797,1985,Stephon,6.5e-05,boy
105798,1985,Ulysses,6.5e-05,boy
105799,1985,Bronson,6.4e-05,boy
105800,1985,Davin,6.3e-05,boy
105801,1985,Lazaro,6.3e-05,boy
105802,1985,Andrea,6.3e-05,boy
105803,1985,Bart,6.3e-05,boy
105804,1985,Broderick,6.3e-05,boy
105805,1985,Elvin,6.3e-05,boy
105806,1985,Kristoffer,6.3e-05,boy
105807,1985,Cruz,6.2e-05,boy
105808,1985,Jamey,6.2e-05,boy
105809,1985,Kelsey,6.2e-05,boy
105810,1985,Octavio,6.2e-05,boy
105811,1985,Rickie,6.2e-05,boy
105812,1985,Tyron,6.2e-05,boy
105813,1985,Chandler,6.2e-05,boy
105814,1985,German,6.2e-05,boy
105815,1985,Louie,6.2e-05,boy
105816,1985,Malik,6.2e-05,boy
105817,1985,Christoper,6.1e-05,boy
105818,1985,Hassan,6.1e-05,boy
105819,1985,Randell,6.1e-05,boy
105820,1985,Britton,6.1e-05,boy
105821,1985,Danial,6.1e-05,boy
105822,1985,Denny,6.1e-05,boy
105823,1985,Ezekiel,6.1e-05,boy
105824,1985,Martell,6.1e-05,boy
105825,1985,Moshe,6.1e-05,boy
105826,1985,Shelton,6.1e-05,boy
105827,1985,Stevie,6.1e-05,boy
105828,1985,Ahmed,6e-05,boy
105829,1985,August,6e-05,boy
105830,1985,Buddy,6e-05,boy
105831,1985,Edmond,6e-05,boy
105832,1985,Isidro,6e-05,boy
105833,1985,Judson,6e-05,boy
105834,1985,Lincoln,6e-05,boy
105835,1985,Lindsey,6e-05,boy
105836,1985,Silas,6e-05,boy
105837,1985,Delbert,6e-05,boy
105838,1985,Coy,5.9e-05,boy
105839,1985,Donny,5.9e-05,boy
105840,1985,Lauren,5.9e-05,boy
105841,1985,Rashawn,5.9e-05,boy
105842,1985,Wilbert,5.9e-05,boy
105843,1985,Amit,5.9e-05,boy
105844,1985,Gino,5.9e-05,boy
105845,1985,Gregorio,5.9e-05,boy
105846,1985,Jaymes,5.9e-05,boy
105847,1985,Justen,5.9e-05,boy
105848,1985,Mohamed,5.9e-05,boy
105849,1985,Stephanie,5.9e-05,boy
105850,1985,Dirk,5.8e-05,boy
105851,1985,Mack,5.8e-05,boy
105852,1985,Monte,5.8e-05,boy
105853,1985,Federico,5.8e-05,boy
105854,1985,Junior,5.8e-05,boy
105855,1985,Ken,5.8e-05,boy
105856,1985,Daron,5.7e-05,boy
105857,1985,Errol,5.7e-05,boy
105858,1985,Garett,5.7e-05,boy
105859,1985,Garrick,5.7e-05,boy
105860,1985,Hubert,5.7e-05,boy
105861,1985,Jeremey,5.7e-05,boy
105862,1985,Lynn,5.7e-05,boy
105863,1985,Chaim,5.7e-05,boy
105864,1985,Dakota,5.7e-05,boy
105865,1985,Keaton,5.7e-05,boy
105866,1985,Laron,5.7e-05,boy
105867,1985,Leif,5.7e-05,boy
105868,1985,Samson,5.7e-05,boy
105869,1985,Schuyler,5.7e-05,boy
105870,1985,Stacey,5.7e-05,boy
105871,1985,Cliff,5.6e-05,boy
105872,1985,Cooper,5.6e-05,boy
105873,1985,Marquise,5.6e-05,boy
105874,1985,Ulises,5.6e-05,boy
105875,1985,Bernardo,5.6e-05,boy
105876,1985,Derrell,5.6e-05,boy
105877,1985,Francesco,5.6e-05,boy
105878,1985,Johathan,5.6e-05,boy
105879,1985,Pierce,5.6e-05,boy
105880,1985,Brandyn,5.5e-05,boy
105881,1985,Darwin,5.5e-05,boy
105882,1985,Danielle,5.5e-05,boy
105883,1985,Elizabeth,5.5e-05,boy
105884,1985,Kraig,5.5e-05,boy
105885,1985,Marlin,5.5e-05,boy
105886,1985,Tylor,5.5e-05,boy
105887,1985,Willard,5.5e-05,boy
105888,1985,Brannon,5.4e-05,boy
105889,1985,Mackenzie,5.4e-05,boy
105890,1985,Donta,5.4e-05,boy
105891,1985,Drake,5.4e-05,boy
105892,1985,Jermey,5.4e-05,boy
105893,1985,Jerrad,5.4e-05,boy
105894,1985,Michel,5.4e-05,boy
105895,1985,Cade,5.3e-05,boy
105896,1985,Efren,5.3e-05,boy
105897,1985,Lowell,5.3e-05,boy
105898,1985,Nicholaus,5.3e-05,boy
105899,1985,Scot,5.3e-05,boy
105900,1985,Elisha,5.3e-05,boy
105901,1985,Greggory,5.3e-05,boy
105902,1985,Ronny,5.3e-05,boy
105903,1985,Antony,5.2e-05,boy
105904,1985,Braxton,5.2e-05,boy
105905,1985,Cullen,5.2e-05,boy
105906,1985,Maximilian,5.2e-05,boy
105907,1985,Sarah,5.2e-05,boy
105908,1985,Tim,5.2e-05,boy
105909,1985,Darrius,5.2e-05,boy
105910,1985,Deonte,5.2e-05,boy
105911,1985,Horace,5.2e-05,boy
105912,1985,Jayme,5.2e-05,boy
105913,1985,Justine,5.2e-05,boy
105914,1985,Kai,5.2e-05,boy
105915,1985,Brandin,5.1e-05,boy
105916,1985,Denis,5.1e-05,boy
105917,1985,Donavan,5.1e-05,boy
105918,1985,Tremaine,5.1e-05,boy
105919,1985,Anderson,5e-05,boy
105920,1985,Edwardo,5e-05,boy
105921,1985,Elton,5e-05,boy
105922,1985,Kris,5e-05,boy
105923,1985,Rodger,5e-05,boy
105924,1985,Samir,5e-05,boy
105925,1985,Aldo,5e-05,boy
105926,1985,Ernie,5e-05,boy
105927,1985,Jedediah,5e-05,boy
105928,1985,Keven,5e-05,boy
105929,1985,Muhammad,5e-05,boy
105930,1985,Percy,5e-05,boy
105931,1985,Ramsey,5e-05,boy
105932,1985,Vince,5e-05,boy
105933,1985,Deron,4.9e-05,boy
105934,1985,Erwin,4.9e-05,boy
105935,1985,Isaias,4.9e-05,boy
105936,1985,Jade,4.9e-05,boy
105937,1985,Uriel,4.9e-05,boy
105938,1985,Asher,4.9e-05,boy
105939,1985,Eliot,4.9e-05,boy
105940,1985,Houston,4.9e-05,boy
105941,1985,Maria,4.9e-05,boy
105942,1985,Terell,4.9e-05,boy
105943,1985,Theron,4.9e-05,boy
105944,1985,Westley,4.9e-05,boy
105945,1985,Andreas,4.8e-05,boy
105946,1985,Brandt,4.8e-05,boy
105947,1985,Chadd,4.8e-05,boy
105948,1985,Dario,4.8e-05,boy
105949,1985,Cleveland,4.8e-05,boy
105950,1985,Denver,4.8e-05,boy
105951,1985,Eliseo,4.8e-05,boy
105952,1985,Irvin,4.8e-05,boy
105953,1985,Kale,4.8e-05,boy
105954,1985,Kim,4.8e-05,boy
105955,1985,Al,4.7e-05,boy
105956,1985,Baby,4.7e-05,boy
105957,1985,Dandre,4.7e-05,boy
105958,1985,Eloy,4.7e-05,boy
105959,1985,Fletcher,4.7e-05,boy
105960,1985,Jeramie,4.7e-05,boy
105961,1985,Trace,4.7e-05,boy
105962,1985,Vito,4.7e-05,boy
105963,1985,Coby,4.7e-05,boy
105964,1985,Kennith,4.7e-05,boy
105965,1985,Kolby,4.7e-05,boy
105966,1985,Edgardo,4.6e-05,boy
105967,1985,Juston,4.6e-05,boy
105968,1985,Raheem,4.6e-05,boy
105969,1985,Romeo,4.6e-05,boy
105970,1985,Darell,4.6e-05,boy
105971,1985,Demarco,4.6e-05,boy
105972,1985,Deven,4.6e-05,boy
105973,1985,Jessy,4.6e-05,boy
105974,1985,Joshuah,4.6e-05,boy
105975,1985,Martez,4.6e-05,boy
105976,1985,Reese,4.6e-05,boy
105977,1985,Emerson,4.5e-05,boy
105978,1985,Hank,4.5e-05,boy
105979,1985,Jarret,4.5e-05,boy
105980,1985,Jory,4.5e-05,boy
105981,1985,Rayshawn,4.5e-05,boy
105982,1985,Trever,4.5e-05,boy
105983,1985,Walker,4.5e-05,boy
105984,1985,Alden,4.5e-05,boy
105985,1985,Armand,4.5e-05,boy
105986,1985,Christina,4.5e-05,boy
105987,1985,Dangelo,4.5e-05,boy
105988,1985,Derrek,4.5e-05,boy
105989,1985,Jereme,4.5e-05,boy
105990,1985,Lindsay,4.5e-05,boy
105991,1985,Valentin,4.5e-05,boy
105992,1985,Arnulfo,4.4e-05,boy
105993,1985,Melissa,4.4e-05,boy
105994,1985,Deric,4.4e-05,boy
105995,1985,Eddy,4.4e-05,boy
105996,1985,Emmett,4.4e-05,boy
105997,1985,Travon,4.4e-05,boy
105998,1985,Deshaun,4.3e-05,boy
105999,1985,Jabari,4.3e-05,boy
106000,1986,Michael,0.033429,boy
106001,1986,Christopher,0.029602,boy
106002,1986,Matthew,0.024432,boy
106003,1986,Joshua,0.01955,boy
106004,1986,David,0.019332,boy
106005,1986,Daniel,0.019036,boy
106006,1986,James,0.017729,boy
106007,1986,Andrew,0.017626,boy
106008,1986,Robert,0.016322,boy
106009,1986,John,0.015721,boy
106010,1986,Ryan,0.015368,boy
106011,1986,Joseph,0.015005,boy
106012,1986,Brandon,0.014194,boy
106013,1986,Justin,0.013864,boy
106014,1986,William,0.012666,boy
106015,1986,Jonathan,0.012478,boy
106016,1986,Nicholas,0.011876,boy
106017,1986,Jason,0.011664,boy
106018,1986,Anthony,0.011432,boy
106019,1986,Brian,0.010944,boy
106020,1986,Kevin,0.010378,boy
106021,1986,Eric,0.010169,boy
106022,1986,Kyle,0.010056,boy
106023,1986,Adam,0.00945,boy
106024,1986,Steven,0.009419,boy
106025,1986,Thomas,0.009034,boy
106026,1986,Timothy,0.008782,boy
106027,1986,Jeremy,0.008474,boy
106028,1986,Richard,0.007818,boy
106029,1986,Benjamin,0.00718,boy
106030,1986,Jacob,0.007107,boy
106031,1986,Jeffrey,0.007106,boy
106032,1986,Aaron,0.006611,boy
106033,1986,Charles,0.006575,boy
106034,1986,Mark,0.006559,boy
106035,1986,Stephen,0.00618,boy
106036,1986,Sean,0.006134,boy
106037,1986,Zachary,0.006106,boy
106038,1986,Patrick,0.005936,boy
106039,1986,Tyler,0.005681,boy
106040,1986,Alexander,0.005519,boy
106041,1986,Dustin,0.005376,boy
106042,1986,Nathan,0.005203,boy
106043,1986,Scott,0.005191,boy
106044,1986,Paul,0.005055,boy
106045,1986,Gregory,0.004963,boy
106046,1986,Bryan,0.004505,boy
106047,1986,Jesse,0.004446,boy
106048,1986,Travis,0.004416,boy
106049,1986,Kenneth,0.004402,boy
106050,1986,Jose,0.004347,boy
106051,1986,Samuel,0.003939,boy
106052,1986,Jordan,0.003801,boy
106053,1986,Bradley,0.003667,boy
106054,1986,Shawn,0.003649,boy
106055,1986,Cody,0.00361,boy
106056,1986,Derek,0.003594,boy
106057,1986,Jared,0.003184,boy
106058,1986,Chad,0.00314,boy
106059,1986,Peter,0.003011,boy
106060,1986,Edward,0.003009,boy
106061,1986,Corey,0.002999,boy
106062,1986,Marcus,0.002745,boy
106063,1986,Alex,0.002658,boy
106064,1986,Juan,0.002641,boy
106065,1986,Keith,0.002624,boy
106066,1986,Shane,0.002566,boy
106067,1986,Cory,0.002537,boy
106068,1986,Brett,0.002461,boy
106069,1986,Phillip,0.002454,boy
106070,1986,Donald,0.002428,boy
106071,1986,Joel,0.002348,boy
106072,1986,Antonio,0.002293,boy
106073,1986,George,0.002263,boy
106074,1986,Ronald,0.002198,boy
106075,1986,Carlos,0.002127,boy
106076,1986,Raymond,0.002109,boy
106077,1986,Nathaniel,0.002101,boy
106078,1986,Luis,0.002092,boy
106079,1986,Craig,0.002047,boy
106080,1986,Evan,0.002019,boy
106081,1986,Casey,0.00196,boy
106082,1986,Douglas,0.001959,boy
106083,1986,Gary,0.00194,boy
106084,1986,Ian,0.001933,boy
106085,1986,Philip,0.001905,boy
106086,1986,Derrick,0.001734,boy
106087,1986,Victor,0.001712,boy
106088,1986,Christian,0.001667,boy
106089,1986,Austin,0.001666,boy
106090,1986,Frank,0.001653,boy
106091,1986,Erik,0.001619,boy
106092,1986,Vincent,0.00161,boy
106093,1986,Brent,0.001594,boy
106094,1986,Wesley,0.001584,boy
106095,1986,Gabriel,0.001583,boy
106096,1986,Seth,0.001551,boy
106097,1986,Trevor,0.00155,boy
106098,1986,Adrian,0.001533,boy
106099,1986,Curtis,0.001516,boy
106100,1986,Blake,0.001451,boy
106101,1986,Jeffery,0.001444,boy
106102,1986,Randy,0.001422,boy
106103,1986,Dennis,0.001409,boy
106104,1986,Mitchell,0.001388,boy
106105,1986,Luke,0.00138,boy
106106,1986,Alan,0.001376,boy
106107,1986,Larry,0.001366,boy
106108,1986,Jesus,0.001351,boy
106109,1986,Todd,0.001347,boy
106110,1986,Miguel,0.001339,boy
106111,1986,Mario,0.001288,boy
106112,1986,Devin,0.001273,boy
106113,1986,Carl,0.00127,boy
106114,1986,Johnathan,0.001257,boy
106115,1986,Russell,0.001251,boy
106116,1986,Garrett,0.001243,boy
106117,1986,Jeremiah,0.001241,boy
106118,1986,Martin,0.001236,boy
106119,1986,Tony,0.001229,boy
106120,1986,Jerry,0.001182,boy
106121,1986,Terry,0.001173,boy
106122,1986,Troy,0.00117,boy
106123,1986,Ricardo,0.001154,boy
106124,1986,Johnny,0.001148,boy
106125,1986,Lucas,0.001142,boy
106126,1986,Jorge,0.001135,boy
106127,1986,Allen,0.001103,boy
106128,1986,Jonathon,0.001097,boy
106129,1986,Bobby,0.001096,boy
106130,1986,Caleb,0.001092,boy
106131,1986,Shaun,0.001076,boy
106132,1986,Andre,0.001069,boy
106133,1986,Lance,0.001068,boy
106134,1986,Cameron,0.001065,boy
106135,1986,Taylor,0.001058,boy
106136,1986,Marc,0.001056,boy
106137,1986,Drew,0.001043,boy
106138,1986,Kristopher,0.001043,boy
106139,1986,Henry,0.001035,boy
106140,1986,Mathew,0.001024,boy
106141,1986,Chase,0.001023,boy
106142,1986,Manuel,0.001023,boy
106143,1986,Ricky,0.001019,boy
106144,1986,Lee,0.001008,boy
106145,1986,Danny,0.000997,boy
106146,1986,Francisco,0.000996,boy
106147,1986,Randall,0.000984,boy
106148,1986,Dylan,0.000955,boy
106149,1986,Jimmy,0.000948,boy
106150,1986,Lawrence,0.00093,boy
106151,1986,Ross,0.000922,boy
106152,1986,Micheal,0.000921,boy
106153,1986,Albert,0.000909,boy
106154,1986,Isaac,0.000904,boy
106155,1986,Walter,0.000893,boy
106156,1986,Roberto,0.000891,boy
106157,1986,Colin,0.000878,boy
106158,1986,Louis,0.000877,boy
106159,1986,Billy,0.000876,boy
106160,1986,Clayton,0.000869,boy
106161,1986,Calvin,0.000868,boy
106162,1986,Angel,0.000859,boy
106163,1986,Spencer,0.000855,boy
106164,1986,Rodney,0.00085,boy
106165,1986,Alejandro,0.000849,boy
106166,1986,Roger,0.000837,boy
106167,1986,Darren,0.000822,boy
106168,1986,Oscar,0.000819,boy
106169,1986,Arthur,0.000817,boy
106170,1986,Jake,0.000808,boy
106171,1986,Julian,0.000805,boy
106172,1986,Joe,0.000801,boy
106173,1986,Clinton,0.000797,boy
106174,1986,Jack,0.000787,boy
106175,1986,Maurice,0.000785,boy
106176,1986,Jon,0.000785,boy
106177,1986,Willie,0.000777,boy
106178,1986,Grant,0.000773,boy
106179,1986,Jay,0.000771,boy
106180,1986,Hector,0.000765,boy
106181,1986,Jamie,0.000764,boy
106182,1986,Gerald,0.000758,boy
106183,1986,Javier,0.000742,boy
106184,1986,Brendan,0.000728,boy
106185,1986,Ruben,0.00072,boy
106186,1986,Dominic,0.000711,boy
106187,1986,Reginald,0.000703,boy
106188,1986,Bruce,0.000702,boy
106189,1986,Edwin,0.000701,boy
106190,1986,Wayne,0.000699,boy
106191,1986,Logan,0.000691,boy
106192,1986,Fernando,0.000686,boy
106193,1986,Darrell,0.000682,boy
106194,1986,Omar,0.000678,boy
106195,1986,Sergio,0.000678,boy
106196,1986,Roy,0.000669,boy
106197,1986,Frederick,0.000657,boy
106198,1986,Geoffrey,0.000656,boy
106199,1986,Theodore,0.000652,boy
106200,1986,Bryce,0.000634,boy
106201,1986,Jaime,0.000631,boy
106202,1986,Rafael,0.000628,boy
106203,1986,Ivan,0.000627,boy
106204,1986,Emmanuel,0.000617,boy
106205,1986,Jerome,0.000607,boy
106206,1986,Raul,0.000607,boy
106207,1986,Pedro,0.000605,boy
106208,1986,Levi,0.000603,boy
106209,1986,Tyrone,0.000603,boy
106210,1986,Neil,0.000598,boy
106211,1986,Marvin,0.000592,boy
106212,1986,Terrance,0.000589,boy
106213,1986,Preston,0.000584,boy
106214,1986,Jessie,0.000582,boy
106215,1986,Brad,0.000573,boy
106216,1986,Micah,0.000573,boy
106217,1986,Eddie,0.000565,boy
106218,1986,Darryl,0.00056,boy
106219,1986,Dane,0.000556,boy
106220,1986,Cole,0.000555,boy
106221,1986,Armando,0.000553,boy
106222,1986,Ronnie,0.000553,boy
106223,1986,Kurt,0.000551,boy
106224,1986,Andres,0.000551,boy
106225,1986,Devon,0.000549,boy
106226,1986,Noah,0.000541,boy
106227,1986,Ramon,0.000535,boy
106228,1986,Edgar,0.000531,boy
106229,1986,Eduardo,0.00053,boy
106230,1986,Eugene,0.00053,boy
106231,1986,Alberto,0.000528,boy
106232,1986,Ernest,0.000525,boy
106233,1986,Julio,0.000518,boy
106234,1986,Steve,0.000516,boy
106235,1986,Glenn,0.000511,boy
106236,1986,Dale,0.00051,boy
106237,1986,Nicolas,0.000505,boy
106238,1986,Tommy,0.000502,boy
106239,1986,Tyson,0.000499,boy
106240,1986,Jermaine,0.000497,boy
106241,1986,Terrence,0.000489,boy
106242,1986,Tristan,0.00048,boy
106243,1986,Max,0.00048,boy
106244,1986,Francis,0.000475,boy
106245,1986,Abraham,0.000474,boy
106246,1986,Marco,0.000473,boy
106247,1986,Karl,0.00047,boy
106248,1986,Leonard,0.00047,boy
106249,1986,Bryant,0.000467,boy
106250,1986,Brady,0.000466,boy
106251,1986,Colby,0.000465,boy
106252,1986,Byron,0.000464,boy
106253,1986,Cesar,0.000458,boy
106254,1986,Kelly,0.000454,boy
106255,1986,Stanley,0.000453,boy
106256,1986,Clifford,0.000451,boy
106257,1986,Melvin,0.000448,boy
106258,1986,Branden,0.000447,boy
106259,1986,Terrell,0.000446,boy
106260,1986,Barry,0.000443,boy
106261,1986,Erick,0.000437,boy
106262,1986,Jarrod,0.000437,boy
106263,1986,Dean,0.000437,boy
106264,1986,Dwayne,0.000429,boy
106265,1986,Brock,0.000425,boy
106266,1986,Orlando,0.000425,boy
106267,1986,Alfredo,0.000421,boy
106268,1986,Harold,0.000419,boy
106269,1986,Jamal,0.000418,boy
106270,1986,Antoine,0.000414,boy
106271,1986,Franklin,0.000409,boy
106272,1986,Gilbert,0.000407,boy
106273,1986,Courtney,0.000406,boy
106274,1986,Miles,0.000404,boy
106275,1986,Enrique,0.000402,boy
106276,1986,Demetrius,0.000397,boy
106277,1986,Rene,0.000394,boy
106278,1986,Nickolas,0.000394,boy
106279,1986,Warren,0.000394,boy
106280,1986,Xavier,0.000389,boy
106281,1986,Marshall,0.000388,boy
106282,1986,Arturo,0.000387,boy
106283,1986,Ray,0.000386,boy
106284,1986,Marcos,0.000384,boy
106285,1986,Ralph,0.000379,boy
106286,1986,Wade,0.000379,boy
106287,1986,Johnathon,0.000378,boy
106288,1986,Elijah,0.000374,boy
106289,1986,Andy,0.000373,boy
106290,1986,Lorenzo,0.000373,boy
106291,1986,Kelvin,0.000372,boy
106292,1986,Nelson,0.000372,boy
106293,1986,Cedric,0.000368,boy
106294,1986,Gerardo,0.000368,boy
106295,1986,Clarence,0.000361,boy
106296,1986,Darnell,0.000361,boy
106297,1986,Daryl,0.000359,boy
106298,1986,Leon,0.000358,boy
106299,1986,Stuart,0.000357,boy
106300,1986,Desmond,0.000353,boy
106301,1986,Alvin,0.000352,boy
106302,1986,Harry,0.000352,boy
106303,1986,Morgan,0.000351,boy
106304,1986,Trenton,0.00035,boy
106305,1986,Alfred,0.000349,boy
106306,1986,Hunter,0.000348,boy
106307,1986,Beau,0.000346,boy
106308,1986,Joey,0.000341,boy
106309,1986,Trent,0.000341,boy
106310,1986,Earl,0.00034,boy
106311,1986,Mason,0.000339,boy
106312,1986,Darius,0.000338,boy
106313,1986,Damien,0.000336,boy
106314,1986,Kirk,0.000335,boy
106315,1986,Collin,0.000334,boy
106316,1986,Zachery,0.000333,boy
106317,1986,Salvador,0.000333,boy
106318,1986,Ernesto,0.000332,boy
106319,1986,Quentin,0.000331,boy
106320,1986,Roderick,0.000329,boy
106321,1986,Landon,0.000328,boy
106322,1986,Isaiah,0.000322,boy
106323,1986,Lamar,0.000322,boy
106324,1986,Israel,0.000321,boy
106325,1986,Clifton,0.000317,boy
106326,1986,Maxwell,0.000317,boy
106327,1986,Simon,0.000314,boy
106328,1986,Brenton,0.000313,boy
106329,1986,Dillon,0.000313,boy
106330,1986,Howard,0.000313,boy
106331,1986,Bernard,0.00031,boy
106332,1986,Ethan,0.00031,boy
106333,1986,Dexter,0.000305,boy
106334,1986,Lewis,0.000302,boy
106335,1986,Kendrick,0.000299,boy
106336,1986,Shannon,0.000296,boy
106337,1986,Heath,0.000295,boy
106338,1986,Graham,0.000294,boy
106339,1986,Angelo,0.000293,boy
106340,1986,Damon,0.000292,boy
106341,1986,Tanner,0.000292,boy
106342,1986,Rodolfo,0.000291,boy
106343,1986,Eli,0.00029,boy
106344,1986,Clint,0.00029,boy
106345,1986,Rudy,0.000289,boy
106346,1986,Kurtis,0.000286,boy
106347,1986,Kenny,0.000282,boy
106348,1986,Leroy,0.000282,boy
106349,1986,Neal,0.000282,boy
106350,1986,Dallas,0.00028,boy
106351,1986,Deandre,0.00028,boy
106352,1986,Charlie,0.000279,boy
106353,1986,Gavin,0.000279,boy
106354,1986,Jarvis,0.000278,boy
106355,1986,Chris,0.000277,boy
106356,1986,Jarrett,0.000277,boy
106357,1986,Emanuel,0.000275,boy
106358,1986,Malcolm,0.000275,boy
106359,1986,Dominique,0.000273,boy
106360,1986,Pablo,0.000271,boy
106361,1986,Gordon,0.000269,boy
106362,1986,Damian,0.000268,boy
106363,1986,Kendall,0.000266,boy
106364,1986,Allan,0.000265,boy
106365,1986,Bret,0.000265,boy
106366,1986,Chance,0.000265,boy
106367,1986,Dwight,0.000265,boy
106368,1986,Jamar,0.000265,boy
106369,1986,Terence,0.000262,boy
106370,1986,Norman,0.000261,boy
106371,1986,Zachariah,0.000258,boy
106372,1986,Quinton,0.000258,boy
106373,1986,Donovan,0.000256,boy
106374,1986,Stefan,0.000255,boy
106375,1986,Felix,0.000254,boy
106376,1986,Alfonso,0.000254,boy
106377,1986,Josiah,0.000254,boy
106378,1986,Josue,0.000253,boy
106379,1986,Marquis,0.000252,boy
106380,1986,Abel,0.000251,boy
106381,1986,Fabian,0.000251,boy
106382,1986,Kerry,0.000251,boy
106383,1986,Nolan,0.00025,boy
106384,1986,Rashad,0.000249,boy
106385,1986,Stephan,0.000248,boy
106386,1986,Perry,0.000248,boy
106387,1986,Noel,0.000246,boy
106388,1986,Pierre,0.000244,boy
106389,1986,Dana,0.000243,boy
106390,1986,Kent,0.000243,boy
106391,1986,Don,0.000242,boy
106392,1986,Glen,0.000241,boy
106393,1986,Harrison,0.000241,boy
106394,1986,Jayson,0.00024,boy
106395,1986,Kory,0.000238,boy
106396,1986,Derick,0.000236,boy
106397,1986,Duane,0.000236,boy
106398,1986,Julius,0.000236,boy
106399,1986,Elliott,0.000235,boy
106400,1986,Jarred,0.000235,boy
106401,1986,Tyrell,0.000235,boy
106402,1986,Vernon,0.000233,boy
106403,1986,Gustavo,0.000232,boy
106404,1986,Rory,0.000232,boy
106405,1986,Dante,0.000231,boy
106406,1986,Ismael,0.000231,boy
106407,1986,Fred,0.00023,boy
106408,1986,Rickey,0.000227,boy
106409,1986,Felipe,0.000226,boy
106410,1986,Alexis,0.000223,boy
106411,1986,Ben,0.000223,boy
106412,1986,Trey,0.000223,boy
106413,1986,Skyler,0.00022,boy
106414,1986,Rolando,0.000219,boy
106415,1986,Elias,0.000219,boy
106416,1986,Dominick,0.000218,boy
106417,1986,Lonnie,0.000218,boy
106418,1986,Ashley,0.000218,boy
106419,1986,Diego,0.000218,boy
106420,1986,Rick,0.000218,boy
106421,1986,Leo,0.000217,boy
106422,1986,Saul,0.000215,boy
106423,1986,Rocky,0.000214,boy
106424,1986,Lloyd,0.000214,boy
106425,1986,Clay,0.000213,boy
106426,1986,Darin,0.000213,boy
106427,1986,Fredrick,0.000212,boy
106428,1986,Owen,0.000211,boy
106429,1986,Guillermo,0.000211,boy
106430,1986,Riley,0.000209,boy
106431,1986,Marlon,0.000208,boy
106432,1986,Nathanael,0.000205,boy
106433,1986,Roman,0.000204,boy
106434,1986,Cornelius,0.000203,boy
106435,1986,Bradford,0.000202,boy
106436,1986,Elliot,0.000202,boy
106437,1986,Blaine,0.0002,boy
106438,1986,Myles,0.000199,boy
106439,1986,Herbert,0.000198,boy
106440,1986,Sam,0.000198,boy
106441,1986,Darrin,0.000197,boy
106442,1986,Roland,0.000197,boy
106443,1986,Alec,0.000197,boy
106444,1986,Dusty,0.000197,boy
106445,1986,Leslie,0.000197,boy
106446,1986,Rogelio,0.000197,boy
106447,1986,Carlton,0.000196,boy
106448,1986,Ty,0.000196,boy
106449,1986,Demarcus,0.000195,boy
106450,1986,Zane,0.000193,boy
106451,1986,Alonzo,0.000193,boy
106452,1986,Freddie,0.000192,boy
106453,1986,Hugo,0.000192,boy
106454,1986,Weston,0.000192,boy
106455,1986,Jameson,0.000191,boy
106456,1986,Loren,0.000191,boy
106457,1986,Antwan,0.00019,boy
106458,1986,Gilberto,0.00019,boy
106459,1986,Zackary,0.00019,boy
106460,1986,Brendon,0.000187,boy
106461,1986,Robin,0.000184,boy
106462,1986,Donte,0.000183,boy
106463,1986,Quincy,0.000182,boy
106464,1986,Sheldon,0.000182,boy
106465,1986,Guy,0.000178,boy
106466,1986,Jeff,0.000178,boy
106467,1986,Tracy,0.000178,boy
106468,1986,Giovanni,0.000177,boy
106469,1986,Milton,0.000177,boy
106470,1986,Oliver,0.000176,boy
106471,1986,Parker,0.000176,boy
106472,1986,Esteban,0.000175,boy
106473,1986,Rusty,0.000175,boy
106474,1986,Frankie,0.000173,boy
106475,1986,Jerrod,0.000172,boy
106476,1986,Forrest,0.000172,boy
106477,1986,Gerard,0.000172,boy
106478,1986,Tomas,0.000172,boy
106479,1986,Johnnie,0.000171,boy
106480,1986,Floyd,0.000171,boy
106481,1986,Gene,0.000171,boy
106482,1986,Jamel,0.000171,boy
106483,1986,Kody,0.00017,boy
106484,1986,Lamont,0.00017,boy
106485,1986,Lionel,0.00017,boy
106486,1986,Dakota,0.000167,boy
106487,1986,Jimmie,0.000167,boy
106488,1986,Mike,0.000167,boy
106489,1986,Salvatore,0.000167,boy
106490,1986,Kellen,0.000166,boy
106491,1986,Jordon,0.000166,boy
106492,1986,Clark,0.000164,boy
106493,1986,Donnie,0.000163,boy
106494,1986,Sidney,0.000162,boy
106495,1986,Adan,0.000162,boy
106496,1986,Leonardo,0.000162,boy
106497,1986,Korey,0.000161,boy
106498,1986,Ramiro,0.00016,boy
106499,1986,Brice,0.000158,boy
106500,1986,Deangelo,0.000158,boy
106501,1986,Chadwick,0.000158,boy
106502,1986,Toby,0.000158,boy
106503,1986,Lester,0.000157,boy
106504,1986,Kristofer,0.000157,boy
106505,1986,Dewayne,0.000156,boy
106506,1986,Kasey,0.000156,boy
106507,1986,Ariel,0.000156,boy
106508,1986,Braden,0.000155,boy
106509,1986,Lyle,0.000155,boy
106510,1986,Sterling,0.000155,boy
106511,1986,Ted,0.000154,boy
106512,1986,Addison,0.000154,boy
106513,1986,Efrain,0.000154,boy
106514,1986,Zackery,0.000154,boy
106515,1986,Moises,0.000153,boy
106516,1986,Reuben,0.000153,boy
106517,1986,Wyatt,0.000153,boy
106518,1986,Brennan,0.000152,boy
106519,1986,Reid,0.000151,boy
106520,1986,Jackson,0.00015,boy
106521,1986,Nick,0.00015,boy
106522,1986,Moses,0.00015,boy
106523,1986,Wilson,0.000149,boy
106524,1986,Akeem,0.000147,boy
106525,1986,Everett,0.000147,boy
106526,1986,Shea,0.000146,boy
106527,1986,Ali,0.000145,boy
106528,1986,Noe,0.000145,boy
106529,1986,Avery,0.000145,boy
106530,1986,Sebastian,0.000145,boy
106531,1986,Guadalupe,0.000144,boy
106532,1986,Alvaro,0.000144,boy
106533,1986,Cecil,0.000144,boy
106534,1986,Herman,0.000144,boy
106535,1986,Jackie,0.000144,boy
106536,1986,Reynaldo,0.000143,boy
106537,1986,Connor,0.000143,boy
106538,1986,Keenan,0.000142,boy
106539,1986,Garret,0.000142,boy
106540,1986,Sonny,0.000142,boy
106541,1986,Greg,0.000141,boy
106542,1986,Jody,0.000141,boy
106543,1986,Thaddeus,0.00014,boy
106544,1986,Dan,0.00014,boy
106545,1986,Raphael,0.000139,boy
106546,1986,Stewart,0.000138,boy
106547,1986,Bryson,0.000136,boy
106548,1986,Sammy,0.000136,boy
106549,1986,Ashton,0.000135,boy
106550,1986,Scotty,0.000135,boy
106551,1986,Jean,0.000135,boy
106552,1986,Jamaal,0.000134,boy
106553,1986,Randolph,0.000134,boy
106554,1986,Myron,0.000133,boy
106555,1986,Jarod,0.000133,boy
106556,1986,Jamison,0.000132,boy
106557,1986,Conor,0.000132,boy
106558,1986,Humberto,0.000132,boy
106559,1986,Carson,0.000131,boy
106560,1986,Conrad,0.000131,boy
106561,1986,Kareem,0.00013,boy
106562,1986,Marcel,0.000129,boy
106563,1986,Freddy,0.000129,boy
106564,1986,Whitney,0.000128,boy
106565,1986,Demario,0.000127,boy
106566,1986,Ahmad,0.000127,boy
106567,1986,Bryon,0.000126,boy
106568,1986,Emilio,0.000126,boy
106569,1986,Arnold,0.000126,boy
106570,1986,Aron,0.000126,boy
106571,1986,Garry,0.000126,boy
106572,1986,Quinn,0.000126,boy
106573,1986,Clyde,0.000125,boy
106574,1986,Davis,0.000125,boy
106575,1986,Jess,0.000125,boy
106576,1986,Colton,0.000124,boy
106577,1986,Ignacio,0.000123,boy
106578,1986,Markus,0.000123,boy
106579,1986,Cristian,0.000122,boy
106580,1986,Jonah,0.000122,boy
106581,1986,Wendell,0.000121,boy
106582,1986,Randal,0.000121,boy
106583,1986,Reed,0.000121,boy
106584,1986,Aubrey,0.00012,boy
106585,1986,Rex,0.00012,boy
106586,1986,Rodrigo,0.00012,boy
106587,1986,Brooks,0.00012,boy
106588,1986,Jovan,0.000118,boy
106589,1986,Jaron,0.000118,boy
106590,1986,Deshawn,0.000117,boy
106591,1986,Santiago,0.000117,boy
106592,1986,Morris,0.000116,boy
106593,1986,Robbie,0.000116,boy
106594,1986,Colt,0.000116,boy
106595,1986,Dion,0.000116,boy
106596,1986,Jim,0.000116,boy
106597,1986,Joaquin,0.000115,boy
106598,1986,Solomon,0.000115,boy
106599,1986,Chester,0.000115,boy
106600,1986,Josh,0.000115,boy
106601,1986,Bradly,0.000114,boy
106602,1986,Lane,0.000114,boy
106603,1986,Anton,0.000113,boy
106604,1986,Jessica,0.000113,boy
106605,1986,Jerrell,0.000113,boy
106606,1986,Quintin,0.000113,boy
106607,1986,Rigoberto,0.000112,boy
106608,1986,Cordell,0.000112,boy
106609,1986,Barrett,0.000111,boy
106610,1986,Otis,0.000111,boy
106611,1986,Vicente,0.000111,boy
106612,1986,Benny,0.00011,boy
106613,1986,Kaleb,0.00011,boy
106614,1986,Amos,0.00011,boy
106615,1986,Cortez,0.000109,boy
106616,1986,Jace,0.000109,boy
106617,1986,Nathanial,0.000109,boy
106618,1986,Erich,0.000109,boy
106619,1986,Davon,0.000108,boy
106620,1986,Nigel,0.000108,boy
106621,1986,Amir,0.000108,boy
106622,1986,Donnell,0.000107,boy
106623,1986,Harley,0.000106,boy
106624,1986,Leonel,0.000106,boy
106625,1986,Marques,0.000106,boy
106626,1986,Mauricio,0.000106,boy
106627,1986,Tory,0.000106,boy
106628,1986,Will,0.000106,boy
106629,1986,Brenden,0.000105,boy
106630,1986,Deon,0.000105,boy
106631,1986,Erin,0.000105,boy
106632,1986,Nikolas,0.000105,boy
106633,1986,Sylvester,0.000104,boy
106634,1986,Chaz,0.000103,boy
106635,1986,Coty,0.000103,boy
106636,1986,Mitchel,0.000103,boy
106637,1986,Jerod,0.000103,boy
106638,1986,Ira,0.000102,boy
106639,1986,Leland,0.000102,boy
106640,1986,Shayne,0.000102,boy
106641,1986,Earnest,0.000102,boy
106642,1986,Edmund,0.000102,boy
106643,1986,Blair,0.000101,boy
106644,1986,Winston,0.0001,boy
106645,1986,Moshe,9.9e-05,boy
106646,1986,Alton,9.8e-05,boy
106647,1986,Brandan,9.8e-05,boy
106648,1986,Hugh,9.8e-05,boy
106649,1986,Sherman,9.8e-05,boy
106650,1986,Harvey,9.8e-05,boy
106651,1986,Tom,9.8e-05,boy
106652,1986,Dorian,9.7e-05,boy
106653,1986,Teddy,9.7e-05,boy
106654,1986,Arron,9.7e-05,boy
106655,1986,Pete,9.7e-05,boy
106656,1986,Kristian,9.6e-05,boy
106657,1986,Galen,9.6e-05,boy
106658,1986,Luther,9.6e-05,boy
106659,1986,Rico,9.6e-05,boy
106660,1986,Ron,9.6e-05,boy
106661,1986,Santos,9.6e-05,boy
106662,1986,Royce,9.5e-05,boy
106663,1986,Cary,9.5e-05,boy
106664,1986,Kiel,9.5e-05,boy
106665,1986,Brant,9.4e-05,boy
106666,1986,Carter,9.4e-05,boy
106667,1986,Devan,9.4e-05,boy
106668,1986,Jerad,9.4e-05,boy
106669,1986,Darrel,9.3e-05,boy
106670,1986,Hans,9.3e-05,boy
106671,1986,Virgil,9.3e-05,boy
106672,1986,Claude,9.3e-05,boy
106673,1986,Marty,9.3e-05,boy
106674,1986,Ryne,9.3e-05,boy
106675,1986,Agustin,9.2e-05,boy
106676,1986,Javon,9.2e-05,boy
106677,1986,Jeremey,9.2e-05,boy
106678,1986,Jonas,9.2e-05,boy
106679,1986,Willis,9.2e-05,boy
106680,1986,Damion,9.1e-05,boy
106681,1986,Wilfredo,9.1e-05,boy
106682,1986,Antwon,9.1e-05,boy
106683,1986,Bo,9.1e-05,boy
106684,1986,Brody,9.1e-05,boy
106685,1986,Issac,9.1e-05,boy
106686,1986,Jeramy,9.1e-05,boy
106687,1986,Cale,9e-05,boy
106688,1986,Adolfo,9e-05,boy
106689,1986,Cordero,9e-05,boy
106690,1986,Heriberto,9e-05,boy
106691,1986,Shelby,9e-05,boy
106692,1986,Joesph,8.9e-05,boy
106693,1986,Skylar,8.9e-05,boy
106694,1986,Jasper,8.9e-05,boy
106695,1986,Jayce,8.9e-05,boy
106696,1986,Rashawn,8.8e-05,boy
106697,1986,Tobias,8.8e-05,boy
106698,1986,Tyree,8.8e-05,boy
106699,1986,Mohammad,8.8e-05,boy
106700,1986,Benito,8.6e-05,boy
106701,1986,Bennett,8.6e-05,boy
106702,1986,Keegan,8.5e-05,boy
106703,1986,Gregorio,8.5e-05,boy
106704,1986,Jennifer,8.5e-05,boy
106705,1986,Marion,8.5e-05,boy
106706,1986,Matt,8.5e-05,boy
106707,1986,Duncan,8.4e-05,boy
106708,1986,Ezra,8.4e-05,boy
106709,1986,Jairo,8.4e-05,boy
106710,1986,Vance,8.4e-05,boy
106711,1986,Aldo,8.4e-05,boy
106712,1986,Bennie,8.4e-05,boy
106713,1986,Elvis,8.4e-05,boy
106714,1986,Jeramie,8.3e-05,boy
106715,1986,Jeremie,8.3e-05,boy
106716,1986,Dalton,8.3e-05,boy
106717,1986,Ellis,8.3e-05,boy
106718,1986,Josef,8.3e-05,boy
106719,1986,Antony,8.2e-05,boy
106720,1986,Bernardo,8.2e-05,boy
106721,1986,Carey,8.2e-05,boy
106722,1986,Grady,8.2e-05,boy
106723,1986,Alphonso,8.1e-05,boy
106724,1986,Dejuan,8.1e-05,boy
106725,1986,Curt,8.1e-05,boy
106726,1986,Abram,8e-05,boy
106727,1986,Jered,8e-05,boy
106728,1986,Mickey,8e-05,boy
106729,1986,Carlo,8e-05,boy
106730,1986,Gregg,8e-05,boy
106731,1986,Jefferson,8e-05,boy
106732,1986,Cruz,7.9e-05,boy
106733,1986,Wallace,7.9e-05,boy
106734,1986,Lukas,7.9e-05,boy
106735,1986,Stephon,7.9e-05,boy
106736,1986,Coleman,7.8e-05,boy
106737,1986,Ezekiel,7.8e-05,boy
106738,1986,Liam,7.8e-05,boy
106739,1986,Mackenzie,7.8e-05,boy
106740,1986,Prince,7.8e-05,boy
106741,1986,Van,7.8e-05,boy
106742,1986,Elmer,7.8e-05,boy
106743,1986,Jamil,7.8e-05,boy
106744,1986,Jermey,7.8e-05,boy
106745,1986,Robby,7.8e-05,boy
106746,1986,Cornell,7.7e-05,boy
106747,1986,Jeromy,7.7e-05,boy
106748,1986,Kenton,7.7e-05,boy
106749,1986,Westley,7.7e-05,boy
106750,1986,Jakob,7.7e-05,boy
106751,1986,Derik,7.6e-05,boy
106752,1986,Rodrick,7.6e-05,boy
106753,1986,Griffin,7.5e-05,boy
106754,1986,Jaymes,7.5e-05,boy
106755,1986,Brain,7.5e-05,boy
106756,1986,Bronson,7.5e-05,boy
106757,1986,Daren,7.5e-05,boy
106758,1986,Paris,7.5e-05,boy
106759,1986,Antione,7.4e-05,boy
106760,1986,Chandler,7.4e-05,boy
106761,1986,Dereck,7.4e-05,boy
106762,1986,Jerald,7.4e-05,boy
106763,1986,Vaughn,7.4e-05,boy
106764,1986,Ervin,7.3e-05,boy
106765,1986,Roosevelt,7.3e-05,boy
106766,1986,Stacy,7.3e-05,boy
106767,1986,Kelsey,7.3e-05,boy
106768,1986,Dave,7.2e-05,boy
106769,1986,Fidel,7.2e-05,boy
106770,1986,Maximilian,7.2e-05,boy
106771,1986,Rudolph,7.2e-05,boy
106772,1986,Ulysses,7.2e-05,boy
106773,1986,Cortney,7.1e-05,boy
106774,1986,Brandyn,7.1e-05,boy
106775,1986,Gino,7.1e-05,boy
106776,1986,Mikel,7.1e-05,boy
106777,1986,Timmy,7.1e-05,boy
106778,1986,Cyrus,7e-05,boy
106779,1986,Tommie,7e-05,boy
106780,1986,Ahmed,7e-05,boy
106781,1986,Cristopher,7e-05,boy
106782,1986,Gonzalo,7e-05,boy
106783,1986,Grayson,6.9e-05,boy
106784,1986,Houston,6.9e-05,boy
106785,1986,Nestor,6.9e-05,boy
106786,1986,Tad,6.9e-05,boy
106787,1986,Aric,6.9e-05,boy
106788,1986,Cedrick,6.9e-05,boy
106789,1986,Andrea,6.8e-05,boy
106790,1986,August,6.8e-05,boy
106791,1986,Keaton,6.8e-05,boy
106792,1986,Titus,6.8e-05,boy
106793,1986,Darrius,6.8e-05,boy
106794,1986,Kirby,6.8e-05,boy
106795,1986,Tyron,6.8e-05,boy
106796,1986,Amanda,6.7e-05,boy
106797,1986,Daron,6.7e-05,boy
106798,1986,Octavio,6.7e-05,boy
106799,1986,Bill,6.7e-05,boy
106800,1986,Chauncey,6.7e-05,boy
106801,1986,Louie,6.7e-05,boy
106802,1986,Mohamed,6.7e-05,boy
106803,1986,Waylon,6.7e-05,boy
106804,1986,Jed,6.6e-05,boy
106805,1986,Malik,6.6e-05,boy
106806,1986,Ari,6.5e-05,boy
106807,1986,Durrell,6.5e-05,boy
106808,1986,Jacques,6.5e-05,boy
106809,1986,Mohammed,6.5e-05,boy
106810,1986,Taurean,6.5e-05,boy
106811,1986,Deonte,6.5e-05,boy
106812,1986,Martell,6.5e-05,boy
106813,1986,Osvaldo,6.5e-05,boy
106814,1986,Tyrel,6.5e-05,boy
106815,1986,Archie,6.4e-05,boy
106816,1986,Dario,6.4e-05,boy
106817,1986,Durell,6.4e-05,boy
106818,1986,Hassan,6.4e-05,boy
106819,1986,Jerel,6.4e-05,boy
106820,1986,Michel,6.4e-05,boy
106821,1986,Broderick,6.4e-05,boy
106822,1986,Cullen,6.4e-05,boy
106823,1986,Drake,6.4e-05,boy
106824,1986,Efren,6.4e-05,boy
106825,1986,Buddy,6.3e-05,boy
106826,1986,Jedidiah,6.3e-05,boy
106827,1986,Monte,6.3e-05,boy
106828,1986,Mack,6.3e-05,boy
106829,1986,Rocco,6.3e-05,boy
106830,1986,Torrey,6.3e-05,boy
106831,1986,Laurence,6.2e-05,boy
106832,1986,Nicholaus,6.2e-05,boy
106833,1986,Domingo,6.1e-05,boy
106834,1986,Jarrell,6.1e-05,boy
106835,1986,Scot,6.1e-05,boy
106836,1986,Darrick,6.1e-05,boy
106837,1986,Davin,6.1e-05,boy
106838,1986,Jan,6.1e-05,boy
106839,1986,Sarah,6.1e-05,boy
106840,1986,Danial,6e-05,boy
106841,1986,Jeffry,6e-05,boy
106842,1986,Kraig,6e-05,boy
106843,1986,Wilbert,6e-05,boy
106844,1986,Lazaro,6e-05,boy
106845,1986,Silas,6e-05,boy
106846,1986,Tylor,6e-05,boy
106847,1986,Braxton,5.9e-05,boy
106848,1986,Junior,5.9e-05,boy
106849,1986,Keon,5.9e-05,boy
106850,1986,Leif,5.9e-05,boy
106851,1986,Marquise,5.9e-05,boy
106852,1986,Reggie,5.9e-05,boy
106853,1986,Scottie,5.9e-05,boy
106854,1986,Yaakov,5.9e-05,boy
106855,1986,Derrell,5.9e-05,boy
106856,1986,Dandre,5.8e-05,boy
106857,1986,Justine,5.8e-05,boy
106858,1986,Rhett,5.8e-05,boy
106859,1986,Denis,5.8e-05,boy
106860,1986,Donta,5.8e-05,boy
106861,1986,Isidro,5.8e-05,boy
106862,1986,Johnpaul,5.8e-05,boy
106863,1986,Tucker,5.8e-05,boy
106864,1986,Delbert,5.7e-05,boy
106865,1986,Randell,5.7e-05,boy
106866,1986,Willard,5.7e-05,boy
106867,1986,Channing,5.7e-05,boy
106868,1986,Denny,5.7e-05,boy
106869,1986,Estevan,5.7e-05,boy
106870,1986,Andreas,5.6e-05,boy
106871,1986,Bart,5.6e-05,boy
106872,1986,Britton,5.6e-05,boy
106873,1986,Donavan,5.6e-05,boy
106874,1986,Isiah,5.6e-05,boy
106875,1986,Lindsey,5.6e-05,boy
106876,1986,Reece,5.6e-05,boy
106877,1986,Britt,5.5e-05,boy
106878,1986,Darwin,5.5e-05,boy
106879,1986,Denver,5.5e-05,boy
106880,1986,Deron,5.5e-05,boy
106881,1986,Dirk,5.5e-05,boy
106882,1986,Francesco,5.5e-05,boy
106883,1986,Raymundo,5.5e-05,boy
106884,1986,Trever,5.5e-05,boy
106885,1986,Cooper,5.5e-05,boy
106886,1986,Dontae,5.5e-05,boy
106887,1986,Eddy,5.5e-05,boy
106888,1986,Federico,5.5e-05,boy
106889,1986,Stevie,5.5e-05,boy
106890,1986,German,5.4e-05,boy
106891,1986,Horace,5.4e-05,boy
106892,1986,Shelton,5.4e-05,boy
106893,1986,Baby,5.4e-05,boy
106894,1986,Brandin,5.4e-05,boy
106895,1986,Johathan,5.4e-05,boy
106896,1986,Justen,5.4e-05,boy
106897,1986,Kristoffer,5.4e-05,boy
106898,1986,Kyler,5.4e-05,boy
106899,1986,Alexandro,5.3e-05,boy
106900,1986,Asa,5.3e-05,boy
106901,1986,Coy,5.3e-05,boy
106902,1986,Demarco,5.3e-05,boy
106903,1986,Donny,5.3e-05,boy
106904,1986,Edwardo,5.3e-05,boy
106905,1986,Emmett,5.3e-05,boy
106906,1986,Jessy,5.3e-05,boy
106907,1986,Rickie,5.3e-05,boy
106908,1986,Theron,5.3e-05,boy
106909,1986,Cassidy,5.3e-05,boy
106910,1986,Elvin,5.3e-05,boy
106911,1986,Erwin,5.3e-05,boy
106912,1986,Jude,5.3e-05,boy
106913,1986,Ken,5.3e-05,boy
106914,1986,Emerson,5.2e-05,boy
106915,1986,Ernie,5.2e-05,boy
106916,1986,Isaias,5.2e-05,boy
106917,1986,Stacey,5.2e-05,boy
106918,1986,Tremaine,5.2e-05,boy
106919,1986,Greggory,5.2e-05,boy
106920,1986,Laron,5.2e-05,boy
106921,1986,Rasheed,5.2e-05,boy
106922,1986,Augustine,5.1e-05,boy
106923,1986,Jade,5.1e-05,boy
106924,1986,Vince,5.1e-05,boy
106925,1986,Adrain,5.1e-05,boy
106926,1986,Brandt,5.1e-05,boy
106927,1986,Darron,5.1e-05,boy
106928,1986,Stephanie,5.1e-05,boy
106929,1986,Zechariah,5.1e-05,boy
106930,1986,Fletcher,5e-05,boy
106931,1986,Giancarlo,5e-05,boy
106932,1986,Kai,5e-05,boy
106933,1986,Maria,5e-05,boy
106934,1986,Alonso,5e-05,boy
106935,1986,Christoper,5e-05,boy
106936,1986,Cleveland,5e-05,boy
106937,1986,Elizabeth,5e-05,boy
106938,1986,Garrick,5e-05,boy
106939,1986,Garrison,5e-05,boy
106940,1986,Lowell,5e-05,boy
106941,1986,Lyndon,5e-05,boy
106942,1986,Darell,4.9e-05,boy
106943,1986,Jarret,4.9e-05,boy
106944,1986,Timmothy,4.9e-05,boy
106945,1986,Brannon,4.8e-05,boy
106946,1986,Edmond,4.8e-05,boy
106947,1986,Ezequiel,4.8e-05,boy
106948,1986,Hank,4.8e-05,boy
106949,1986,Judson,4.8e-05,boy
106950,1986,Spenser,4.8e-05,boy
106951,1986,Uriel,4.8e-05,boy
106952,1986,Hubert,4.8e-05,boy
106953,1986,Jacoby,4.8e-05,boy
106954,1986,Kris,4.8e-05,boy
106955,1986,Alden,4.7e-05,boy
106956,1986,Anderson,4.7e-05,boy
106957,1986,Christina,4.7e-05,boy
106958,1986,Deric,4.7e-05,boy
106959,1986,Eloy,4.7e-05,boy
106960,1986,Muhammad,4.7e-05,boy
106961,1986,Percy,4.7e-05,boy
106962,1986,Ramsey,4.7e-05,boy
106963,1986,Austen,4.7e-05,boy
106964,1986,Dangelo,4.7e-05,boy
106965,1986,Genaro,4.7e-05,boy
106966,1986,Jayme,4.7e-05,boy
106967,1986,Jereme,4.7e-05,boy
106968,1986,Juston,4.7e-05,boy
106969,1986,Payton,4.7e-05,boy
106970,1986,Deshaun,4.6e-05,boy
106971,1986,Elton,4.6e-05,boy
106972,1986,Johnson,4.6e-05,boy
106973,1986,Kalen,4.6e-05,boy
106974,1986,Lynn,4.6e-05,boy
106975,1986,Norberto,4.6e-05,boy
106976,1986,Pierce,4.6e-05,boy
106977,1986,Rufus,4.6e-05,boy
106978,1986,Travon,4.6e-05,boy
106979,1986,Dewey,4.6e-05,boy
106980,1986,Eliezer,4.6e-05,boy
106981,1986,Garett,4.6e-05,boy
106982,1986,Hayden,4.6e-05,boy
106983,1986,Kane,4.6e-05,boy
106984,1986,Kevan,4.6e-05,boy
106985,1986,Reese,4.6e-05,boy
106986,1986,Ronny,4.6e-05,boy
106987,1986,Terell,4.6e-05,boy
106988,1986,Armand,4.5e-05,boy
106989,1986,Deven,4.5e-05,boy
106990,1986,Eliseo,4.5e-05,boy
106991,1986,Schuyler,4.5e-05,boy
106992,1986,Coby,4.5e-05,boy
106993,1986,Dedrick,4.5e-05,boy
106994,1986,Giuseppe,4.5e-05,boy
106995,1986,Jory,4.5e-05,boy
106996,1986,Kalvin,4.5e-05,boy
106997,1986,Marlin,4.5e-05,boy
106998,1986,Vito,4.5e-05,boy
106999,1986,Chaim,4.4e-05,boy
107000,1987,Michael,0.032652,boy
107001,1987,Christopher,0.028027,boy
107002,1987,Matthew,0.023858,boy
107003,1987,Joshua,0.020525,boy
107004,1987,David,0.018869,boy
107005,1987,Andrew,0.018573,boy
107006,1987,Daniel,0.018398,boy
107007,1987,James,0.016742,boy
107008,1987,Justin,0.016162,boy
107009,1987,Robert,0.015518,boy
107010,1987,John,0.015158,boy
107011,1987,Joseph,0.014628,boy
107012,1987,Ryan,0.014609,boy
107013,1987,Brandon,0.012737,boy
107014,1987,William,0.012417,boy
107015,1987,Nicholas,0.011925,boy
107016,1987,Anthony,0.011862,boy
107017,1987,Jonathan,0.011853,boy
107018,1987,Kevin,0.010467,boy
107019,1987,Brian,0.010447,boy
107020,1987,Eric,0.010362,boy
107021,1987,Kyle,0.010191,boy
107022,1987,Jason,0.009924,boy
107023,1987,Thomas,0.009297,boy
107024,1987,Steven,0.009114,boy
107025,1987,Timothy,0.008924,boy
107026,1987,Adam,0.008678,boy
107027,1987,Benjamin,0.007635,boy
107028,1987,Jeremy,0.007425,boy
107029,1987,Richard,0.007387,boy
107030,1987,Jacob,0.007345,boy
107031,1987,Jeffrey,0.006917,boy
107032,1987,Zachary,0.006774,boy
107033,1987,Aaron,0.006507,boy
107034,1987,Charles,0.006244,boy
107035,1987,Mark,0.006154,boy
107036,1987,Alexander,0.00607,boy
107037,1987,Stephen,0.005924,boy
107038,1987,Tyler,0.005917,boy
107039,1987,Sean,0.005873,boy
107040,1987,Patrick,0.005719,boy
107041,1987,Travis,0.005335,boy
107042,1987,Scott,0.005227,boy
107043,1987,Dustin,0.005183,boy
107044,1987,Nathan,0.005087,boy
107045,1987,Paul,0.004978,boy
107046,1987,Gregory,0.004683,boy
107047,1987,Jose,0.004474,boy
107048,1987,Cody,0.004449,boy
107049,1987,Samuel,0.004397,boy
107050,1987,Bryan,0.004388,boy
107051,1987,Jordan,0.004313,boy
107052,1987,Kenneth,0.004286,boy
107053,1987,Derek,0.004232,boy
107054,1987,Jesse,0.004098,boy
107055,1987,Bradley,0.003549,boy
107056,1987,Corey,0.003304,boy
107057,1987,Jared,0.003185,boy
107058,1987,Shawn,0.003184,boy
107059,1987,Alex,0.0031,boy
107060,1987,Edward,0.003029,boy
107061,1987,Cory,0.003,boy
107062,1987,Chad,0.002888,boy
107063,1987,Peter,0.002842,boy
107064,1987,Shane,0.002722,boy
107065,1987,Juan,0.002549,boy
107066,1987,Marcus,0.002538,boy
107067,1987,Phillip,0.00247,boy
107068,1987,Keith,0.002453,boy
107069,1987,Donald,0.002309,boy
107070,1987,Brett,0.002275,boy
107071,1987,Antonio,0.002268,boy
107072,1987,Ronald,0.002132,boy
107073,1987,Carlos,0.002125,boy
107074,1987,Joel,0.002122,boy
107075,1987,George,0.002097,boy
107076,1987,Austin,0.002096,boy
107077,1987,Nathaniel,0.002076,boy
107078,1987,Raymond,0.00205,boy
107079,1987,Casey,0.002015,boy
107080,1987,Ian,0.002009,boy
107081,1987,Luis,0.002007,boy
107082,1987,Evan,0.001986,boy
107083,1987,Philip,0.001969,boy
107084,1987,Douglas,0.001951,boy
107085,1987,Derrick,0.001813,boy
107086,1987,Gary,0.001786,boy
107087,1987,Craig,0.001725,boy
107088,1987,Seth,0.001713,boy
107089,1987,Christian,0.001705,boy
107090,1987,Victor,0.001695,boy
107091,1987,Wesley,0.001666,boy
107092,1987,Trevor,0.001661,boy
107093,1987,Erik,0.001658,boy
107094,1987,Vincent,0.001627,boy
107095,1987,Cameron,0.001621,boy
107096,1987,Frank,0.001602,boy
107097,1987,Devin,0.001579,boy
107098,1987,Gabriel,0.001577,boy
107099,1987,Curtis,0.001493,boy
107100,1987,Mitchell,0.001473,boy
107101,1987,Adrian,0.001459,boy
107102,1987,Brent,0.001454,boy
107103,1987,Jesus,0.001431,boy
107104,1987,Randy,0.001431,boy
107105,1987,Blake,0.001429,boy
107106,1987,Dennis,0.001414,boy
107107,1987,Mario,0.001404,boy
107108,1987,Jeffery,0.001357,boy
107109,1987,Miguel,0.001352,boy
107110,1987,Luke,0.001328,boy
107111,1987,Alan,0.001326,boy
107112,1987,Garrett,0.001325,boy
107113,1987,Larry,0.001285,boy
107114,1987,Caleb,0.001284,boy
107115,1987,Johnathan,0.001271,boy
107116,1987,Taylor,0.001246,boy
107117,1987,Martin,0.001231,boy
107118,1987,Russell,0.001221,boy
107119,1987,Todd,0.001208,boy
107120,1987,Lucas,0.001193,boy
107121,1987,Tony,0.001176,boy
107122,1987,Troy,0.001176,boy
107123,1987,Spencer,0.001154,boy
107124,1987,Jerry,0.001147,boy
107125,1987,Carl,0.00114,boy
107126,1987,Johnny,0.001129,boy
107127,1987,Jorge,0.001114,boy
107128,1987,Allen,0.001114,boy
107129,1987,Jeremiah,0.001094,boy
107130,1987,Ricardo,0.001088,boy
107131,1987,Jonathon,0.001085,boy
107132,1987,Terry,0.001078,boy
107133,1987,Francisco,0.001075,boy
107134,1987,Andre,0.001073,boy
107135,1987,Colin,0.001073,boy
107136,1987,Henry,0.001069,boy
107137,1987,Manuel,0.001068,boy
107138,1987,Chase,0.00106,boy
107139,1987,Mathew,0.001049,boy
107140,1987,Dylan,0.001025,boy
107141,1987,Lance,0.001022,boy
107142,1987,Marc,0.00101,boy
107143,1987,Logan,0.000999,boy
107144,1987,Kristopher,0.000996,boy
107145,1987,Lawrence,0.000973,boy
107146,1987,Bobby,0.000968,boy
107147,1987,Ricky,0.000951,boy
107148,1987,Danny,0.000947,boy
107149,1987,Randall,0.000941,boy
107150,1987,Shaun,0.000938,boy
107151,1987,Isaac,0.000937,boy
107152,1987,Clayton,0.00093,boy
107153,1987,Jimmy,0.000929,boy
107154,1987,Lee,0.000929,boy
107155,1987,Brendan,0.000926,boy
107156,1987,Calvin,0.000916,boy
107157,1987,Micheal,0.000906,boy
107158,1987,Albert,0.000905,boy
107159,1987,Drew,0.000902,boy
107160,1987,Louis,0.000863,boy
107161,1987,Ross,0.000855,boy
107162,1987,Oscar,0.000851,boy
107163,1987,Angel,0.000849,boy
107164,1987,Jack,0.000845,boy
107165,1987,Jake,0.00084,boy
107166,1987,Roberto,0.000834,boy
107167,1987,Billy,0.000833,boy
107168,1987,Darren,0.00082,boy
107169,1987,Edgar,0.000819,boy
107170,1987,Rodney,0.000817,boy
107171,1987,Hector,0.000816,boy
107172,1987,Alejandro,0.000812,boy
107173,1987,Walter,0.000807,boy
107174,1987,Grant,0.000801,boy
107175,1987,Roger,0.000799,boy
107176,1987,Arthur,0.000798,boy
107177,1987,Jamie,0.000791,boy
107178,1987,Ruben,0.000784,boy
107179,1987,Javier,0.000783,boy
107180,1987,Jon,0.000777,boy
107181,1987,Bryant,0.000767,boy
107182,1987,Julian,0.000763,boy
107183,1987,Jay,0.000763,boy
107184,1987,Joe,0.000763,boy
107185,1987,Willie,0.000758,boy
107186,1987,Maurice,0.000754,boy
107187,1987,Max,0.000743,boy
107188,1987,Sergio,0.000741,boy
107189,1987,Gerald,0.000739,boy
107190,1987,Edwin,0.000721,boy
107191,1987,Emmanuel,0.000719,boy
107192,1987,Levi,0.000715,boy
107193,1987,Clinton,0.000698,boy
107194,1987,Bryce,0.000695,boy
107195,1987,Reginald,0.000687,boy
107196,1987,Dominic,0.000685,boy
107197,1987,Bruce,0.000669,boy
107198,1987,Geoffrey,0.000669,boy
107199,1987,Wayne,0.000667,boy
107200,1987,Omar,0.00066,boy
107201,1987,Preston,0.000657,boy
107202,1987,Roy,0.000645,boy
107203,1987,Pedro,0.000644,boy
107204,1987,Darrell,0.000632,boy
107205,1987,Theodore,0.000625,boy
107206,1987,Rafael,0.000622,boy
107207,1987,Fernando,0.000618,boy
107208,1987,Devon,0.000614,boy
107209,1987,Jaime,0.000606,boy
107210,1987,Jerome,0.000606,boy
107211,1987,Raul,0.000605,boy
107212,1987,Frederick,0.000599,boy
107213,1987,Jessie,0.000596,boy
107214,1987,Tyrone,0.000592,boy
107215,1987,Terrance,0.000583,boy
107216,1987,Ivan,0.000579,boy
107217,1987,Andres,0.000566,boy
107218,1987,Eddie,0.000561,boy
107219,1987,Neil,0.000554,boy
107220,1987,Darryl,0.000553,boy
107221,1987,Eduardo,0.000553,boy
107222,1987,Marvin,0.000552,boy
107223,1987,Micah,0.000547,boy
107224,1987,Armando,0.000538,boy
107225,1987,Terrence,0.000536,boy
107226,1987,Ronnie,0.000534,boy
107227,1987,Brad,0.000526,boy
107228,1987,Kurt,0.000525,boy
107229,1987,Nicolas,0.000521,boy
107230,1987,Maxwell,0.00052,boy
107231,1987,Julio,0.000516,boy
107232,1987,Cole,0.000515,boy
107233,1987,Steve,0.000514,boy
107234,1987,Ramon,0.000513,boy
107235,1987,Noah,0.000508,boy
107236,1987,Jamal,0.000507,boy
107237,1987,Tommy,0.000507,boy
107238,1987,Glenn,0.000506,boy
107239,1987,Alberto,0.000505,boy
107240,1987,Leonard,0.000496,boy
107241,1987,Xavier,0.000496,boy
107242,1987,Marco,0.000491,boy
107243,1987,Ernest,0.000486,boy
107244,1987,Francis,0.000486,boy
107245,1987,Tyson,0.00048,boy
107246,1987,Byron,0.000478,boy
107247,1987,Tristan,0.000477,boy
107248,1987,Dale,0.000477,boy
107249,1987,Branden,0.00047,boy
107250,1987,Erick,0.000469,boy
107251,1987,Abraham,0.000464,boy
107252,1987,Darius,0.000464,boy
107253,1987,Eugene,0.000459,boy
107254,1987,Orlando,0.00045,boy
107255,1987,Brady,0.000449,boy
107256,1987,Colby,0.000447,boy
107257,1987,Terrell,0.000447,boy
107258,1987,Jermaine,0.000441,boy
107259,1987,Karl,0.000438,boy
107260,1987,Cesar,0.000435,boy
107261,1987,Miles,0.000428,boy
107262,1987,Jarrod,0.000425,boy
107263,1987,Melvin,0.000423,boy
107264,1987,Isaiah,0.000421,boy
107265,1987,Dean,0.000421,boy
107266,1987,Stanley,0.000419,boy
107267,1987,Mason,0.000417,boy
107268,1987,Franklin,0.000415,boy
107269,1987,Andy,0.000414,boy
107270,1987,Hunter,0.000413,boy
107271,1987,Lorenzo,0.000413,boy
107272,1987,Dwayne,0.000412,boy
107273,1987,Harold,0.000411,boy
107274,1987,Antoine,0.000411,boy
107275,1987,Collin,0.00041,boy
107276,1987,Barry,0.000406,boy
107277,1987,Johnathon,0.000404,boy
107278,1987,Nickolas,0.000404,boy
107279,1987,Kelly,0.000403,boy
107280,1987,Arturo,0.000397,boy
107281,1987,Morgan,0.000395,boy
107282,1987,Ray,0.000394,boy
107283,1987,Courtney,0.000389,boy
107284,1987,Dane,0.000389,boy
107285,1987,Clifford,0.000387,boy
107286,1987,Elijah,0.000383,boy
107287,1987,Demetrius,0.000383,boy
107288,1987,Kelvin,0.000383,boy
107289,1987,Gilbert,0.000378,boy
107290,1987,Brock,0.000377,boy
107291,1987,Alfredo,0.000376,boy
107292,1987,Wade,0.000375,boy
107293,1987,Alvin,0.000375,boy
107294,1987,Enrique,0.000374,boy
107295,1987,Marshall,0.000373,boy
107296,1987,Kirk,0.000371,boy
107297,1987,Ralph,0.000371,boy
107298,1987,Joey,0.00037,boy
107299,1987,Tanner,0.000369,boy
107300,1987,Warren,0.000367,boy
107301,1987,Nelson,0.000364,boy
107302,1987,Harry,0.000363,boy
107303,1987,Trent,0.000363,boy
107304,1987,Rene,0.000362,boy
107305,1987,Marcos,0.000361,boy
107306,1987,Dillon,0.00036,boy
107307,1987,Quentin,0.00036,boy
107308,1987,Gerardo,0.000352,boy
107309,1987,Zachery,0.000352,boy
107310,1987,Darnell,0.000352,boy
107311,1987,Dominique,0.000351,boy
107312,1987,Alfred,0.000349,boy
107313,1987,Daryl,0.000349,boy
107314,1987,Cedric,0.000347,boy
107315,1987,Trenton,0.000345,boy
107316,1987,Dexter,0.000342,boy
107317,1987,Leon,0.00034,boy
107318,1987,Landon,0.000336,boy
107319,1987,Salvador,0.000336,boy
107320,1987,Stuart,0.000336,boy
107321,1987,Ethan,0.000335,boy
107322,1987,Kendrick,0.000329,boy
107323,1987,Malcolm,0.000325,boy
107324,1987,Clarence,0.000324,boy
107325,1987,Donovan,0.000323,boy
107326,1987,Gavin,0.000323,boy
107327,1987,Gustavo,0.000323,boy
107328,1987,Howard,0.000321,boy
107329,1987,Angelo,0.00032,boy
107330,1987,Ernesto,0.00032,boy
107331,1987,Earl,0.000318,boy
107332,1987,Israel,0.000315,boy
107333,1987,Kurtis,0.000314,boy
107334,1987,Lamar,0.000314,boy
107335,1987,Rashad,0.000312,boy
107336,1987,Deandre,0.000309,boy
107337,1987,Roderick,0.000305,boy
107338,1987,Desmond,0.000305,boy
107339,1987,Bernard,0.000304,boy
107340,1987,Harrison,0.000303,boy
107341,1987,Connor,0.000298,boy
107342,1987,Damien,0.000297,boy
107343,1987,Heath,0.000295,boy
107344,1987,Simon,0.000293,boy
107345,1987,Lewis,0.000292,boy
107346,1987,Stephan,0.000291,boy
107347,1987,Dallas,0.000288,boy
107348,1987,Rudy,0.000288,boy
107349,1987,Emanuel,0.000284,boy
107350,1987,Clifton,0.000283,boy
107351,1987,Felix,0.000283,boy
107352,1987,Marquis,0.000283,boy
107353,1987,Dwight,0.000282,boy
107354,1987,Jarrett,0.000281,boy
107355,1987,Josue,0.00028,boy
107356,1987,Chance,0.000279,boy
107357,1987,Clint,0.000278,boy
107358,1987,Eli,0.000277,boy
107359,1987,Kendall,0.000277,boy
107360,1987,Kenny,0.000277,boy
107361,1987,Zachariah,0.000277,boy
107362,1987,Bret,0.000276,boy
107363,1987,Allan,0.000276,boy
107364,1987,Damian,0.000276,boy
107365,1987,Charlie,0.000274,boy
107366,1987,Damon,0.000274,boy
107367,1987,Norman,0.000269,boy
107368,1987,Tyrell,0.000269,boy
107369,1987,Diego,0.000268,boy
107370,1987,Kory,0.000266,boy
107371,1987,Shannon,0.000266,boy
107372,1987,Pablo,0.000264,boy
107373,1987,Quinton,0.000264,boy
107374,1987,Stefan,0.000264,boy
107375,1987,Beau,0.000263,boy
107376,1987,Chris,0.000262,boy
107377,1987,Elias,0.000262,boy
107378,1987,Julius,0.00026,boy
107379,1987,Glen,0.000259,boy
107380,1987,Rodolfo,0.000259,boy
107381,1987,Brenton,0.000258,boy
107382,1987,Blaine,0.000258,boy
107383,1987,Josiah,0.000257,boy
107384,1987,Leroy,0.000256,boy
107385,1987,Jarvis,0.000255,boy
107386,1987,Jamar,0.000255,boy
107387,1987,Fabian,0.000254,boy
107388,1987,Gordon,0.000253,boy
107389,1987,Vernon,0.000249,boy
107390,1987,Derick,0.000248,boy
107391,1987,Jarred,0.000247,boy
107392,1987,Perry,0.000247,boy
107393,1987,Terence,0.000247,boy
107394,1987,Nolan,0.000246,boy
107395,1987,Sam,0.000246,boy
107396,1987,Riley,0.000245,boy
107397,1987,Alexis,0.000244,boy
107398,1987,Graham,0.000244,boy
107399,1987,Pierre,0.000243,boy
107400,1987,Dante,0.000242,boy
107401,1987,Clay,0.00024,boy
107402,1987,Noel,0.000238,boy
107403,1987,Owen,0.000236,boy
107404,1987,Zackary,0.000236,boy
107405,1987,Abel,0.000234,boy
107406,1987,Oliver,0.000234,boy
107407,1987,Neal,0.000234,boy
107408,1987,Skyler,0.000233,boy
107409,1987,Don,0.000232,boy
107410,1987,Trey,0.000232,boy
107411,1987,Leo,0.00023,boy
107412,1987,Elliott,0.000228,boy
107413,1987,Alec,0.000228,boy
107414,1987,Kent,0.000228,boy
107415,1987,Bradford,0.000226,boy
107416,1987,Kody,0.000224,boy
107417,1987,Rick,0.000224,boy
107418,1987,Alfonso,0.000224,boy
107419,1987,Ismael,0.000223,boy
107420,1987,Dakota,0.000221,boy
107421,1987,Duane,0.000219,boy
107422,1987,Saul,0.000219,boy
107423,1987,Donte,0.000218,boy
107424,1987,Ben,0.000218,boy
107425,1987,Dominick,0.000217,boy
107426,1987,Jayson,0.000217,boy
107427,1987,Brennan,0.000217,boy
107428,1987,Dana,0.000215,boy
107429,1987,Lloyd,0.000215,boy
107430,1987,Elliot,0.000213,boy
107431,1987,Marlon,0.000213,boy
107432,1987,Frankie,0.000213,boy
107433,1987,Brendon,0.00021,boy
107434,1987,Myles,0.00021,boy
107435,1987,Ashley,0.00021,boy
107436,1987,Kerry,0.00021,boy
107437,1987,Rogelio,0.000209,boy
107438,1987,Rolando,0.000209,boy
107439,1987,Alonzo,0.000208,boy
107440,1987,Rickey,0.000208,boy
107441,1987,Roland,0.000208,boy
107442,1987,Dusty,0.000208,boy
107443,1987,Weston,0.000207,boy
107444,1987,Roman,0.000207,boy
107445,1987,Lonnie,0.000205,boy
107446,1987,Cornelius,0.000201,boy
107447,1987,Darin,0.000201,boy
107448,1987,Felipe,0.0002,boy
107449,1987,Rory,0.0002,boy
107450,1987,Darrin,0.000199,boy
107451,1987,Guillermo,0.000198,boy
107452,1987,Fredrick,0.000198,boy
107453,1987,Chadwick,0.000197,boy
107454,1987,Kasey,0.000195,boy
107455,1987,Fred,0.000195,boy
107456,1987,Forrest,0.000194,boy
107457,1987,Avery,0.000193,boy
107458,1987,Giovanni,0.000192,boy
107459,1987,Sheldon,0.000189,boy
107460,1987,Demarcus,0.000188,boy
107461,1987,Hugo,0.000187,boy
107462,1987,Jaron,0.000186,boy
107463,1987,Milton,0.000185,boy
107464,1987,Wyatt,0.000185,boy
107465,1987,Korey,0.000185,boy
107466,1987,Conor,0.000183,boy
107467,1987,Jordon,0.000183,boy
107468,1987,Guy,0.000182,boy
107469,1987,Sebastian,0.000182,boy
107470,1987,Gilberto,0.000181,boy
107471,1987,Antwan,0.000181,boy
107472,1987,Carlton,0.000181,boy
107473,1987,Salvatore,0.000181,boy
107474,1987,Herbert,0.000179,boy
107475,1987,Deangelo,0.000178,boy
107476,1987,Kristofer,0.000178,boy
107477,1987,Esteban,0.000177,boy
107478,1987,Rusty,0.000176,boy
107479,1987,Jackson,0.000175,boy
107480,1987,Cordero,0.000175,boy
107481,1987,Johnnie,0.000172,boy
107482,1987,Loren,0.000172,boy
107483,1987,Kaleb,0.000171,boy
107484,1987,Parker,0.00017,boy
107485,1987,Freddie,0.00017,boy
107486,1987,Jamel,0.000169,boy
107487,1987,Reid,0.000169,boy
107488,1987,Donnie,0.000169,boy
107489,1987,Sterling,0.000167,boy
107490,1987,Floyd,0.000167,boy
107491,1987,Ramiro,0.000167,boy
107492,1987,Zane,0.000166,boy
107493,1987,Gene,0.000166,boy
107494,1987,Colton,0.000165,boy
107495,1987,Sidney,0.000165,boy
107496,1987,Zackery,0.000165,boy
107497,1987,Leonardo,0.000163,boy
107498,1987,Moises,0.000163,boy
107499,1987,Chaz,0.000163,boy
107500,1987,Jimmie,0.000163,boy
107501,1987,Tracy,0.000163,boy
107502,1987,Rocky,0.000162,boy
107503,1987,Ty,0.000162,boy
107504,1987,Gerard,0.000161,boy
107505,1987,Tomas,0.00016,boy
107506,1987,Moses,0.00016,boy
107507,1987,Jerrod,0.000159,boy
107508,1987,Lionel,0.000159,boy
107509,1987,Brice,0.000159,boy
107510,1987,Mike,0.000158,boy
107511,1987,Nathanael,0.000157,boy
107512,1987,Ali,0.000156,boy
107513,1987,Dewayne,0.000156,boy
107514,1987,Jeff,0.000156,boy
107515,1987,Everett,0.000155,boy
107516,1987,Robin,0.000155,boy
107517,1987,Lamont,0.000153,boy
107518,1987,Clark,0.000153,boy
107519,1987,Coty,0.000153,boy
107520,1987,Jameson,0.000151,boy
107521,1987,Kellen,0.000151,boy
107522,1987,Toby,0.000151,boy
107523,1987,Ariel,0.00015,boy
107524,1987,Kareem,0.00015,boy
107525,1987,Reuben,0.000149,boy
107526,1987,Wilson,0.000149,boy
107527,1987,Leslie,0.000149,boy
107528,1987,Freddy,0.000148,boy
107529,1987,Jonah,0.000148,boy
107530,1987,Keenan,0.000148,boy
107531,1987,Emilio,0.000148,boy
107532,1987,Stewart,0.000148,boy
107533,1987,Humberto,0.000147,boy
107534,1987,Ashton,0.000147,boy
107535,1987,Reynaldo,0.000147,boy
107536,1987,Brenden,0.000146,boy
107537,1987,Braden,0.000146,boy
107538,1987,Efrain,0.000146,boy
107539,1987,Greg,0.000145,boy
107540,1987,Jean,0.000145,boy
107541,1987,Ted,0.000145,boy
107542,1987,Addison,0.000144,boy
107543,1987,Ahmad,0.000144,boy
107544,1987,Demario,0.000144,boy
107545,1987,Quincy,0.000144,boy
107546,1987,Herman,0.000143,boy
107547,1987,Lester,0.000141,boy
107548,1987,Nick,0.000141,boy
107549,1987,Quintin,0.000141,boy
107550,1987,Jarod,0.00014,boy
107551,1987,Davon,0.000139,boy
107552,1987,Dion,0.000139,boy
107553,1987,Arnold,0.000139,boy
107554,1987,Quinn,0.000138,boy
107555,1987,Bryon,0.000137,boy
107556,1987,Colt,0.000136,boy
107557,1987,Jamaal,0.000136,boy
107558,1987,Markus,0.000136,boy
107559,1987,Noe,0.000134,boy
107560,1987,Shea,0.000134,boy
107561,1987,Adan,0.000133,boy
107562,1987,Cordell,0.000132,boy
107563,1987,Bryson,0.000131,boy
107564,1987,Alvaro,0.000131,boy
107565,1987,Santiago,0.000131,boy
107566,1987,Lyle,0.00013,boy
107567,1987,Raphael,0.00013,boy
107568,1987,Garret,0.000129,boy
107569,1987,Griffin,0.000129,boy
107570,1987,Jackie,0.000129,boy
107571,1987,Dorian,0.000129,boy
107572,1987,Cecil,0.000128,boy
107573,1987,Chester,0.000128,boy
107574,1987,Davis,0.000128,boy
107575,1987,Jody,0.000128,boy
107576,1987,Carson,0.000127,boy
107577,1987,Sammy,0.000127,boy
107578,1987,Spenser,0.000127,boy
107579,1987,Randolph,0.000127,boy
107580,1987,Skylar,0.000125,boy
107581,1987,Jessica,0.000125,boy
107582,1987,Jim,0.000123,boy
107583,1987,Joaquin,0.000123,boy
107584,1987,Reed,0.000123,boy
107585,1987,Thaddeus,0.000123,boy
107586,1987,Deshawn,0.000123,boy
107587,1987,Guadalupe,0.000122,boy
107588,1987,Randal,0.000121,boy
107589,1987,Corbin,0.00012,boy
107590,1987,Mitchel,0.00012,boy
107591,1987,Myron,0.00012,boy
107592,1987,Marcel,0.00012,boy
107593,1987,Shayne,0.00012,boy
107594,1987,Will,0.00012,boy
107595,1987,Conrad,0.000119,boy
107596,1987,Josh,0.000119,boy
107597,1987,Vicente,0.000119,boy
107598,1987,Rex,0.000118,boy
107599,1987,Brooks,0.000118,boy
107600,1987,Solomon,0.000117,boy
107601,1987,Dan,0.000117,boy
107602,1987,Jamison,0.000117,boy
107603,1987,Moshe,0.000116,boy
107604,1987,Scotty,0.000116,boy
107605,1987,Sonny,0.000115,boy
107606,1987,Mackenzie,0.000114,boy
107607,1987,Winston,0.000114,boy
107608,1987,Aron,0.000113,boy
107609,1987,Donnell,0.000113,boy
107610,1987,Bradly,0.000112,boy
107611,1987,Mauricio,0.000112,boy
107612,1987,Cortez,0.000112,boy
107613,1987,Deon,0.000111,boy
107614,1987,Erich,0.000111,boy
107615,1987,Jace,0.000111,boy
107616,1987,Jess,0.000111,boy
107617,1987,Nikolas,0.000111,boy
107618,1987,Anton,0.00011,boy
107619,1987,Clyde,0.00011,boy
107620,1987,Mohammad,0.00011,boy
107621,1987,Harvey,0.00011,boy
107622,1987,Leland,0.00011,boy
107623,1987,Darrel,0.000109,boy
107624,1987,Amos,0.000109,boy
107625,1987,Carter,0.000109,boy
107626,1987,Vance,0.000109,boy
107627,1987,Wendell,0.000109,boy
107628,1987,Elvis,0.000108,boy
107629,1987,Garry,0.000108,boy
107630,1987,Benny,0.000108,boy
107631,1987,Lane,0.000108,boy
107632,1987,Claude,0.000107,boy
107633,1987,Ignacio,0.000107,boy
107634,1987,Nigel,0.000107,boy
107635,1987,Rigoberto,0.000107,boy
107636,1987,Westley,0.000107,boy
107637,1987,Jerrell,0.000106,boy
107638,1987,Tory,0.000106,boy
107639,1987,Maximilian,0.000106,boy
107640,1987,Isiah,0.000105,boy
107641,1987,Jasper,0.000105,boy
107642,1987,Leonel,0.000105,boy
107643,1987,Devan,0.000104,boy
107644,1987,Jovan,0.000103,boy
107645,1987,Jonas,0.000103,boy
107646,1987,Aubrey,0.000102,boy
107647,1987,Barrett,0.000102,boy
107648,1987,Dalton,0.000102,boy
107649,1987,Hugh,0.000102,boy
107650,1987,Derik,0.000102,boy
107651,1987,Ezra,0.000102,boy
107652,1987,Sylvester,0.000102,boy
107653,1987,Chandler,0.000101,boy
107654,1987,Amir,0.000101,boy
107655,1987,Royce,0.000101,boy
107656,1987,Otis,0.0001,boy
107657,1987,Rodrigo,9.9e-05,boy
107658,1987,Cristian,9.9e-05,boy
107659,1987,Erin,9.9e-05,boy
107660,1987,Lukas,9.8e-05,boy
107661,1987,Alton,9.8e-05,boy
107662,1987,Brandan,9.8e-05,boy
107663,1987,Edmund,9.8e-05,boy
107664,1987,Javon,9.8e-05,boy
107665,1987,Jerod,9.8e-05,boy
107666,1987,Agustin,9.7e-05,boy
107667,1987,Harley,9.7e-05,boy
107668,1987,Morris,9.7e-05,boy
107669,1987,Stephon,9.7e-05,boy
107670,1987,Bo,9.5e-05,boy
107671,1987,Jeramy,9.5e-05,boy
107672,1987,Keegan,9.5e-05,boy
107673,1987,Nathanial,9.5e-05,boy
107674,1987,Teddy,9.5e-05,boy
107675,1987,Wilfredo,9.4e-05,boy
107676,1987,Antwon,9.3e-05,boy
107677,1987,Arron,9.3e-05,boy
107678,1987,Bronson,9.3e-05,boy
107679,1987,Vaughn,9.2e-05,boy
107680,1987,Akeem,9.1e-05,boy
107681,1987,Santos,9.1e-05,boy
107682,1987,Cary,9.1e-05,boy
107683,1987,Robbie,9e-05,boy
107684,1987,Shelby,9e-05,boy
107685,1987,Ira,9e-05,boy
107686,1987,Rico,9e-05,boy
107687,1987,Tom,9e-05,boy
107688,1987,Coleman,8.8e-05,boy
107689,1987,Jarrell,8.8e-05,boy
107690,1987,Marty,8.8e-05,boy
107691,1987,Nestor,8.8e-05,boy
107692,1987,Paris,8.8e-05,boy
107693,1987,Pete,8.8e-05,boy
107694,1987,Sherman,8.8e-05,boy
107695,1987,Heriberto,8.8e-05,boy
107696,1987,Kristian,8.8e-05,boy
107697,1987,Darrius,8.7e-05,boy
107698,1987,Earnest,8.7e-05,boy
107699,1987,Houston,8.7e-05,boy
107700,1987,Rhett,8.7e-05,boy
107701,1987,Cruz,8.7e-05,boy
107702,1987,Tyree,8.7e-05,boy
107703,1987,Ulysses,8.7e-05,boy
107704,1987,Willis,8.7e-05,boy
107705,1987,Marques,8.6e-05,boy
107706,1987,Ron,8.6e-05,boy
107707,1987,Dereck,8.6e-05,boy
107708,1987,Adolfo,8.5e-05,boy
107709,1987,Hans,8.4e-05,boy
107710,1987,Mohammed,8.4e-05,boy
107711,1987,Octavio,8.4e-05,boy
107712,1987,Ezekiel,8.4e-05,boy
107713,1987,Grady,8.4e-05,boy
107714,1987,Josef,8.4e-05,boy
107715,1987,Duncan,8.3e-05,boy
107716,1987,Galen,8.3e-05,boy
107717,1987,Cale,8.3e-05,boy
107718,1987,Ellis,8.3e-05,boy
107719,1987,Ervin,8.3e-05,boy
107720,1987,Joesph,8.3e-05,boy
107721,1987,Kelsey,8.3e-05,boy
107722,1987,Bennett,8.2e-05,boy
107723,1987,Elmer,8.2e-05,boy
107724,1987,Kameron,8.2e-05,boy
107725,1987,Brant,8.1e-05,boy
107726,1987,Daron,8.1e-05,boy
107727,1987,Jamil,8.1e-05,boy
107728,1987,Issac,8.1e-05,boy
107729,1987,Blair,8e-05,boy
107730,1987,Rudolph,8e-05,boy
107731,1987,Luther,8e-05,boy
107732,1987,Ryne,8e-05,boy
107733,1987,Whitney,8e-05,boy
107734,1987,Cristopher,7.9e-05,boy
107735,1987,Daren,7.9e-05,boy
107736,1987,Mickey,7.9e-05,boy
107737,1987,Aldo,7.8e-05,boy
107738,1987,Benito,7.8e-05,boy
107739,1987,Cortney,7.8e-05,boy
107740,1987,Cyrus,7.8e-05,boy
107741,1987,Grayson,7.8e-05,boy
107742,1987,Jerad,7.8e-05,boy
107743,1987,Malik,7.8e-05,boy
107744,1987,Tyrel,7.8e-05,boy
107745,1987,Brody,7.8e-05,boy
107746,1987,Tobias,7.8e-05,boy
107747,1987,Roosevelt,7.7e-05,boy
107748,1987,Damion,7.6e-05,boy
107749,1987,Bennie,7.5e-05,boy
107750,1987,Jakob,7.5e-05,boy
107751,1987,Jerel,7.5e-05,boy
107752,1987,Kenton,7.5e-05,boy
107753,1987,Liam,7.5e-05,boy
107754,1987,Antione,7.5e-05,boy
107755,1987,Gregg,7.5e-05,boy
107756,1987,Jedidiah,7.5e-05,boy
107757,1987,Rocco,7.5e-05,boy
107758,1987,Cullen,7.4e-05,boy
107759,1987,Jefferson,7.4e-05,boy
107760,1987,Antony,7.4e-05,boy
107761,1987,Hassan,7.4e-05,boy
107762,1987,Justen,7.4e-05,boy
107763,1987,Stacy,7.4e-05,boy
107764,1987,Tommie,7.4e-05,boy
107765,1987,Torrey,7.4e-05,boy
107766,1987,Van,7.4e-05,boy
107767,1987,Wallace,7.4e-05,boy
107768,1987,Cornell,7.3e-05,boy
107769,1987,Irvin,7.3e-05,boy
107770,1987,Mychal,7.3e-05,boy
107771,1987,Dontae,7.3e-05,boy
107772,1987,Marquise,7.3e-05,boy
107773,1987,Virgil,7.3e-05,boy
107774,1987,Tucker,7.2e-05,boy
107775,1987,Carey,7.2e-05,boy
107776,1987,Cedrick,7.2e-05,boy
107777,1987,Jered,7.2e-05,boy
107778,1987,Baby,7.1e-05,boy
107779,1987,Brain,7.1e-05,boy
107780,1987,Domingo,7.1e-05,boy
107781,1987,Louie,7.1e-05,boy
107782,1987,Raymundo,7.1e-05,boy
107783,1987,Aric,7.1e-05,boy
107784,1987,Drake,7.1e-05,boy
107785,1987,Curt,7e-05,boy
107786,1987,Deron,7e-05,boy
107787,1987,Jacques,7e-05,boy
107788,1987,Marion,7e-05,boy
107789,1987,Timmy,7e-05,boy
107790,1987,Bill,7e-05,boy
107791,1987,Britton,7e-05,boy
107792,1987,Cooper,7e-05,boy
107793,1987,Derrell,7e-05,boy
107794,1987,Rashawn,7e-05,boy
107795,1987,Ahmed,6.9e-05,boy
107796,1987,Junior,6.9e-05,boy
107797,1987,Keaton,6.9e-05,boy
107798,1987,Matt,6.9e-05,boy
107799,1987,Mikel,6.9e-05,boy
107800,1987,Rodrick,6.9e-05,boy
107801,1987,Conner,6.9e-05,boy
107802,1987,Fidel,6.9e-05,boy
107803,1987,Jermey,6.9e-05,boy
107804,1987,Abram,6.8e-05,boy
107805,1987,Dave,6.8e-05,boy
107806,1987,Gregorio,6.8e-05,boy
107807,1987,Keon,6.8e-05,boy
107808,1987,Broderick,6.8e-05,boy
107809,1987,Deven,6.8e-05,boy
107810,1987,Shelton,6.8e-05,boy
107811,1987,Waylon,6.8e-05,boy
107812,1987,Jeremie,6.7e-05,boy
107813,1987,Jed,6.7e-05,boy
107814,1987,Tylor,6.7e-05,boy
107815,1987,Tyron,6.7e-05,boy
107816,1987,Dario,6.6e-05,boy
107817,1987,Deonte,6.6e-05,boy
107818,1987,Estevan,6.6e-05,boy
107819,1987,Jairo,6.6e-05,boy
107820,1987,Jerald,6.6e-05,boy
107821,1987,Madison,6.6e-05,boy
107822,1987,Reggie,6.6e-05,boy
107823,1987,Mack,6.6e-05,boy
107824,1987,Robby,6.6e-05,boy
107825,1987,Andreas,6.5e-05,boy
107826,1987,Justine,6.5e-05,boy
107827,1987,Titus,6.5e-05,boy
107828,1987,Asa,6.5e-05,boy
107829,1987,Ken,6.5e-05,boy
107830,1987,Kyler,6.5e-05,boy
107831,1987,Osvaldo,6.5e-05,boy
107832,1987,Gonzalo,6.4e-05,boy
107833,1987,Hayden,6.4e-05,boy
107834,1987,Johnpaul,6.4e-05,boy
107835,1987,Alphonso,6.4e-05,boy
107836,1987,Brandyn,6.4e-05,boy
107837,1987,Chauncey,6.4e-05,boy
107838,1987,Jaymes,6.4e-05,boy
107839,1987,Jeffry,6.4e-05,boy
107840,1987,Randell,6.4e-05,boy
107841,1987,Amanda,6.3e-05,boy
107842,1987,Bernardo,6.3e-05,boy
107843,1987,Torey,6.3e-05,boy
107844,1987,Dejuan,6.3e-05,boy
107845,1987,Donavan,6.3e-05,boy
107846,1987,Kiel,6.3e-05,boy
107847,1987,Lincoln,6.3e-05,boy
107848,1987,Prince,6.3e-05,boy
107849,1987,Silas,6.2e-05,boy
107850,1987,Cassidy,6.2e-05,boy
107851,1987,Efren,6.2e-05,boy
107852,1987,Jeremey,6.2e-05,boy
107853,1987,Kraig,6.2e-05,boy
107854,1987,Michel,6.2e-05,boy
107855,1987,Carlo,6.1e-05,boy
107856,1987,German,6.1e-05,boy
107857,1987,Kale,6.1e-05,boy
107858,1987,Stevie,6.1e-05,boy
107859,1987,Dandre,6e-05,boy
107860,1987,Jeromy,6e-05,boy
107861,1987,Kirby,6e-05,boy
107862,1987,Mohamed,6e-05,boy
107863,1987,Willard,6e-05,boy
107864,1987,Buddy,6e-05,boy
107865,1987,Davin,6e-05,boy
107866,1987,Deric,6e-05,boy
107867,1987,Gino,6e-05,boy
107868,1987,Andrea,5.9e-05,boy
107869,1987,Ari,5.9e-05,boy
107870,1987,August,5.9e-05,boy
107871,1987,Darwin,5.9e-05,boy
107872,1987,Laurence,5.9e-05,boy
107873,1987,Reece,5.9e-05,boy
107874,1987,Coy,5.9e-05,boy
107875,1987,Denny,5.9e-05,boy
107876,1987,Isidro,5.9e-05,boy
107877,1987,Chaim,5.8e-05,boy
107878,1987,Jennifer,5.8e-05,boy
107879,1987,Laron,5.8e-05,boy
107880,1987,Scot,5.8e-05,boy
107881,1987,Channing,5.7e-05,boy
107882,1987,Darrick,5.7e-05,boy
107883,1987,Jeramie,5.7e-05,boy
107884,1987,Keven,5.7e-05,boy
107885,1987,Raheem,5.7e-05,boy
107886,1987,Stacey,5.7e-05,boy
107887,1987,Wilbert,5.7e-05,boy
107888,1987,Denver,5.7e-05,boy
107889,1987,Derrek,5.7e-05,boy
107890,1987,Francesco,5.7e-05,boy
107891,1987,Ramsey,5.7e-05,boy
107892,1987,Uriel,5.7e-05,boy
107893,1987,Jory,5.6e-05,boy
107894,1987,Sarah,5.6e-05,boy
107895,1987,Braxton,5.6e-05,boy
107896,1987,Danial,5.6e-05,boy
107897,1987,Demarco,5.6e-05,boy
107898,1987,Irving,5.6e-05,boy
107899,1987,Rickie,5.6e-05,boy
107900,1987,Archie,5.5e-05,boy
107901,1987,Cade,5.5e-05,boy
107902,1987,Hank,5.5e-05,boy
107903,1987,Lauren,5.5e-05,boy
107904,1987,Monte,5.5e-05,boy
107905,1987,Muhammad,5.5e-05,boy
107906,1987,Trever,5.5e-05,boy
107907,1987,Christoper,5.5e-05,boy
107908,1987,Cordaro,5.5e-05,boy
107909,1987,Dashawn,5.5e-05,boy
107910,1987,Holden,5.5e-05,boy
107911,1987,Jessy,5.5e-05,boy
107912,1987,Ronny,5.5e-05,boy
107913,1987,Theron,5.5e-05,boy
107914,1987,Edmond,5.4e-05,boy
107915,1987,Elizabeth,5.4e-05,boy
107916,1987,Johathan,5.4e-05,boy
107917,1987,Kalen,5.4e-05,boy
107918,1987,Kolby,5.4e-05,boy
107919,1987,Octavius,5.4e-05,boy
107920,1987,Shay,5.4e-05,boy
107921,1987,Stephanie,5.4e-05,boy
107922,1987,Dangelo,5.4e-05,boy
107923,1987,Donny,5.4e-05,boy
107924,1987,Federico,5.4e-05,boy
107925,1987,Kristoffer,5.4e-05,boy
107926,1987,Martell,5.4e-05,boy
107927,1987,Scottie,5.4e-05,boy
107928,1987,Uriah,5.4e-05,boy
107929,1987,Kai,5.3e-05,boy
107930,1987,Payton,5.3e-05,boy
107931,1987,Eliezer,5.3e-05,boy
107932,1987,Erwin,5.3e-05,boy
107933,1987,Garett,5.3e-05,boy
107934,1987,Tad,5.3e-05,boy
107935,1987,Emmett,5.2e-05,boy
107936,1987,Jarad,5.2e-05,boy
107937,1987,Denis,5.2e-05,boy
107938,1987,Eddy,5.2e-05,boy
107939,1987,Edgardo,5.2e-05,boy
107940,1987,Lazaro,5.2e-05,boy
107941,1987,Pierce,5.2e-05,boy
107942,1987,Rashaad,5.2e-05,boy
107943,1987,Kris,5.1e-05,boy
107944,1987,Lyndon,5.1e-05,boy
107945,1987,Marcelo,5.1e-05,boy
107946,1987,Marlin,5.1e-05,boy
107947,1987,Dirk,5.1e-05,boy
107948,1987,Jan,5.1e-05,boy
107949,1987,Johnson,5.1e-05,boy
107950,1987,Schuyler,5.1e-05,boy
107951,1987,Greggory,5e-05,boy
107952,1987,Leif,5e-05,boy
107953,1987,Montrell,5e-05,boy
107954,1987,Jaren,5e-05,boy
107955,1987,Jayme,5e-05,boy
107956,1987,Maria,5e-05,boy
107957,1987,Rufus,5e-05,boy
107958,1987,Amit,4.9e-05,boy
107959,1987,Austen,4.9e-05,boy
107960,1987,Brandt,4.9e-05,boy
107961,1987,Chet,4.9e-05,boy
107962,1987,Edwardo,4.9e-05,boy
107963,1987,Elvin,4.9e-05,boy
107964,1987,Travon,4.9e-05,boy
107965,1987,Zechariah,4.9e-05,boy
107966,1987,Ezequiel,4.9e-05,boy
107967,1987,Joseluis,4.9e-05,boy
107968,1987,Lindsey,4.9e-05,boy
107969,1987,Trevin,4.9e-05,boy
107970,1987,Alonso,4.8e-05,boy
107971,1987,Bart,4.8e-05,boy
107972,1987,Brandin,4.8e-05,boy
107973,1987,Brannon,4.8e-05,boy
107974,1987,Giancarlo,4.8e-05,boy
107975,1987,Isaias,4.8e-05,boy
107976,1987,Kalvin,4.8e-05,boy
107977,1987,Kane,4.8e-05,boy
107978,1987,Yaakov,4.8e-05,boy
107979,1987,Adrain,4.8e-05,boy
107980,1987,Al,4.8e-05,boy
107981,1987,Brennen,4.8e-05,boy
107982,1987,Genaro,4.8e-05,boy
107983,1987,Jarret,4.8e-05,boy
107984,1987,Marcellus,4.8e-05,boy
107985,1987,Tremaine,4.8e-05,boy
107986,1987,Tremayne,4.8e-05,boy
107987,1987,Coby,4.7e-05,boy
107988,1987,Darron,4.7e-05,boy
107989,1987,Donta,4.7e-05,boy
107990,1987,Jacoby,4.7e-05,boy
107991,1987,Malachi,4.7e-05,boy
107992,1987,Mariano,4.7e-05,boy
107993,1987,Samir,4.7e-05,boy
107994,1987,Valentin,4.7e-05,boy
107995,1987,Anderson,4.7e-05,boy
107996,1987,Baron,4.7e-05,boy
107997,1987,Cleveland,4.7e-05,boy
107998,1987,Eliseo,4.7e-05,boy
107999,1987,Kegan,4.7e-05,boy
108000,1988,Michael,0.032053,boy
108001,1988,Christopher,0.026567,boy
108002,1988,Matthew,0.022928,boy
108003,1988,Joshua,0.021324,boy
108004,1988,Andrew,0.017858,boy
108005,1988,David,0.017646,boy
108006,1988,Justin,0.017519,boy
108007,1988,Daniel,0.017337,boy
108008,1988,James,0.016243,boy
108009,1988,Robert,0.015154,boy
108010,1988,John,0.014691,boy
108011,1988,Joseph,0.014497,boy
108012,1988,Ryan,0.013866,boy
108013,1988,Nicholas,0.012645,boy
108014,1988,Jonathan,0.012163,boy
108015,1988,William,0.012052,boy
108016,1988,Brandon,0.011862,boy
108017,1988,Anthony,0.01181,boy
108018,1988,Kevin,0.010079,boy
108019,1988,Eric,0.010078,boy
108020,1988,Kyle,0.009939,boy
108021,1988,Brian,0.009759,boy
108022,1988,Thomas,0.009392,boy
108023,1988,Steven,0.008928,boy
108024,1988,Timothy,0.008401,boy
108025,1988,Adam,0.008225,boy
108026,1988,Jason,0.007945,boy
108027,1988,Zachary,0.007929,boy
108028,1988,Jacob,0.007927,boy
108029,1988,Benjamin,0.007586,boy
108030,1988,Aaron,0.007199,boy
108031,1988,Richard,0.007066,boy
108032,1988,Tyler,0.006671,boy
108033,1988,Alexander,0.00666,boy
108034,1988,Jeremy,0.006582,boy
108035,1988,Jeffrey,0.006195,boy
108036,1988,Charles,0.006052,boy
108037,1988,Sean,0.005891,boy
108038,1988,Mark,0.005853,boy
108039,1988,Stephen,0.005796,boy
108040,1988,Travis,0.005711,boy
108041,1988,Patrick,0.005692,boy
108042,1988,Cody,0.005289,boy
108043,1988,Nathan,0.005071,boy
108044,1988,Samuel,0.004771,boy
108045,1988,Paul,0.004711,boy
108046,1988,Scott,0.004673,boy
108047,1988,Dustin,0.004668,boy
108048,1988,Jose,0.00449,boy
108049,1988,Gregory,0.004314,boy
108050,1988,Kenneth,0.004284,boy
108051,1988,Jordan,0.004242,boy
108052,1988,Derek,0.004035,boy
108053,1988,Bryan,0.004015,boy
108054,1988,Jesse,0.003952,boy
108055,1988,Corey,0.003663,boy
108056,1988,Bradley,0.003504,boy
108057,1988,Alex,0.003198,boy
108058,1988,Cory,0.003134,boy
108059,1988,Jared,0.003105,boy
108060,1988,Shawn,0.002946,boy
108061,1988,Edward,0.002895,boy
108062,1988,Austin,0.002791,boy
108063,1988,Peter,0.002707,boy
108064,1988,Chad,0.002647,boy
108065,1988,Marcus,0.002601,boy
108066,1988,Shane,0.002583,boy
108067,1988,Juan,0.002581,boy
108068,1988,Cameron,0.00249,boy
108069,1988,Keith,0.002472,boy
108070,1988,Phillip,0.002285,boy
108071,1988,Antonio,0.002229,boy
108072,1988,Brett,0.002187,boy
108073,1988,Evan,0.002165,boy
108074,1988,Donald,0.002163,boy
108075,1988,Luis,0.002159,boy
108076,1988,Ian,0.002155,boy
108077,1988,George,0.002146,boy
108078,1988,Ronald,0.002085,boy
108079,1988,Carlos,0.00206,boy
108080,1988,Nathaniel,0.002027,boy
108081,1988,Vincent,0.002026,boy
108082,1988,Casey,0.002017,boy
108083,1988,Raymond,0.002016,boy
108084,1988,Joel,0.001967,boy
108085,1988,Christian,0.001961,boy
108086,1988,Trevor,0.001847,boy
108087,1988,Douglas,0.001827,boy
108088,1988,Victor,0.00181,boy
108089,1988,Taylor,0.001744,boy
108090,1988,Seth,0.001744,boy
108091,1988,Wesley,0.001739,boy
108092,1988,Erik,0.001737,boy
108093,1988,Philip,0.001688,boy
108094,1988,Mitchell,0.001658,boy
108095,1988,Derrick,0.001653,boy
108096,1988,Craig,0.001651,boy
108097,1988,Devin,0.001648,boy
108098,1988,Frank,0.001633,boy
108099,1988,Gary,0.00162,boy
108100,1988,Adrian,0.001607,boy
108101,1988,Gabriel,0.001559,boy
108102,1988,Blake,0.00155,boy
108103,1988,Jesus,0.001459,boy
108104,1988,Curtis,0.001454,boy
108105,1988,Mario,0.001443,boy
108106,1988,Brent,0.001434,boy
108107,1988,Caleb,0.001404,boy
108108,1988,Logan,0.001377,boy
108109,1988,Alan,0.001376,boy
108110,1988,Miguel,0.001362,boy
108111,1988,Randy,0.001358,boy
108112,1988,Lucas,0.001355,boy
108113,1988,Spencer,0.001347,boy
108114,1988,Johnathan,0.001337,boy
108115,1988,Dennis,0.001325,boy
108116,1988,Garrett,0.001323,boy
108117,1988,Martin,0.001322,boy
108118,1988,Luke,0.001309,boy
108119,1988,Jeffery,0.001292,boy
108120,1988,Ricardo,0.001251,boy
108121,1988,Jorge,0.001234,boy
108122,1988,Larry,0.001222,boy
108123,1988,Troy,0.001171,boy
108124,1988,Jonathon,0.001165,boy
108125,1988,Carl,0.001158,boy
108126,1988,Chase,0.001152,boy
108127,1988,Russell,0.001149,boy
108128,1988,Johnny,0.001132,boy
108129,1988,Jerry,0.001131,boy
108130,1988,Colin,0.001129,boy
108131,1988,Francisco,0.001126,boy
108132,1988,Tony,0.001121,boy
108133,1988,Allen,0.001102,boy
108134,1988,Todd,0.0011,boy
108135,1988,Jeremiah,0.001094,boy
108136,1988,Dylan,0.00108,boy
108137,1988,Andre,0.001074,boy
108138,1988,Manuel,0.001057,boy
108139,1988,Henry,0.001036,boy
108140,1988,Terry,0.001032,boy
108141,1988,Mathew,0.00103,boy
108142,1988,Kristopher,0.000982,boy
108143,1988,Isaac,0.000979,boy
108144,1988,Danny,0.000948,boy
108145,1988,Clayton,0.000945,boy
108146,1988,Lance,0.000943,boy
108147,1988,Ricky,0.000942,boy
108148,1988,Marc,0.000936,boy
108149,1988,Lawrence,0.000928,boy
108150,1988,Angel,0.000913,boy
108151,1988,Calvin,0.000903,boy
108152,1988,Albert,0.000897,boy
108153,1988,Randall,0.000896,boy
108154,1988,Brendan,0.000895,boy
108155,1988,Micheal,0.000892,boy
108156,1988,Lee,0.000891,boy
108157,1988,Ross,0.000885,boy
108158,1988,Drew,0.000876,boy
108159,1988,Rodney,0.000866,boy
108160,1988,Oscar,0.000865,boy
108161,1988,Jimmy,0.000864,boy
108162,1988,Bobby,0.000858,boy
108163,1988,Bryant,0.000858,boy
108164,1988,Jake,0.000854,boy
108165,1988,Louis,0.000852,boy
108166,1988,Julian,0.000834,boy
108167,1988,Roberto,0.000828,boy
108168,1988,Shaun,0.000828,boy
108169,1988,Hector,0.000827,boy
108170,1988,Jack,0.000823,boy
108171,1988,Grant,0.00081,boy
108172,1988,Edgar,0.000809,boy
108173,1988,Walter,0.000805,boy
108174,1988,Levi,0.000804,boy
108175,1988,Alejandro,0.000801,boy
108176,1988,Darren,0.000798,boy
108177,1988,Ruben,0.000795,boy
108178,1988,Bryce,0.000792,boy
108179,1988,Roger,0.000787,boy
108180,1988,Javier,0.000784,boy
108181,1988,Arthur,0.000776,boy
108182,1988,Edwin,0.000776,boy
108183,1988,Sergio,0.00077,boy
108184,1988,Billy,0.000755,boy
108185,1988,Maurice,0.000747,boy
108186,1988,Joe,0.000735,boy
108187,1988,Jamie,0.000735,boy
108188,1988,Jon,0.000724,boy
108189,1988,Devon,0.000718,boy
108190,1988,Willie,0.000715,boy
108191,1988,Terrance,0.000711,boy
108192,1988,Omar,0.000709,boy
108193,1988,Gerald,0.000701,boy
108194,1988,Dominic,0.000698,boy
108195,1988,Clinton,0.000698,boy
108196,1988,Max,0.000692,boy
108197,1988,Eduardo,0.00069,boy
108198,1988,Jay,0.00068,boy
108199,1988,Fernando,0.00068,boy
108200,1988,Preston,0.000674,boy
108201,1988,Reginald,0.000667,boy
108202,1988,Ivan,0.000665,boy
108203,1988,Pedro,0.000652,boy
108204,1988,Bruce,0.000641,boy
108205,1988,Rafael,0.000639,boy
108206,1988,Emmanuel,0.000638,boy
108207,1988,Jaime,0.000625,boy
108208,1988,Wayne,0.000621,boy
108209,1988,Terrence,0.00062,boy
108210,1988,Theodore,0.00062,boy
108211,1988,Raul,0.000617,boy
108212,1988,Geoffrey,0.000615,boy
108213,1988,Xavier,0.000614,boy
108214,1988,Andres,0.000609,boy
108215,1988,Darrell,0.000607,boy
108216,1988,Maxwell,0.000604,boy
108217,1988,Nicolas,0.000599,boy
108218,1988,Frederick,0.000588,boy
108219,1988,Roy,0.00058,boy
108220,1988,Marvin,0.000575,boy
108221,1988,Eddie,0.000563,boy
108222,1988,Jerome,0.000562,boy
108223,1988,Micah,0.000557,boy
108224,1988,Tyrone,0.000556,boy
108225,1988,Alberto,0.000548,boy
108226,1988,Jessie,0.000541,boy
108227,1988,Darryl,0.000539,boy
108228,1988,Marco,0.000539,boy
108229,1988,Noah,0.00053,boy
108230,1988,Byron,0.000528,boy
108231,1988,Cesar,0.000524,boy
108232,1988,Kurt,0.000521,boy
108233,1988,Dominique,0.000515,boy
108234,1988,Julio,0.000511,boy
108235,1988,Mason,0.000511,boy
108236,1988,Jamal,0.00051,boy
108237,1988,Ronnie,0.000507,boy
108238,1988,Ernest,0.000501,boy
108239,1988,Neil,0.000499,boy
108240,1988,Ramon,0.000496,boy
108241,1988,Armando,0.000495,boy
108242,1988,Isaiah,0.000489,boy
108243,1988,Hunter,0.000488,boy
108244,1988,Abraham,0.000485,boy
108245,1988,Brady,0.000476,boy
108246,1988,Francis,0.000475,boy
108247,1988,Darius,0.000474,boy
108248,1988,Steve,0.000474,boy
108249,1988,Tommy,0.000473,boy
108250,1988,Tyson,0.000469,boy
108251,1988,Erick,0.000465,boy
108252,1988,Trent,0.000464,boy
108253,1988,Glenn,0.000461,boy
108254,1988,Colby,0.00046,boy
108255,1988,Terrell,0.000458,boy
108256,1988,Eugene,0.000456,boy
108257,1988,Leonard,0.000454,boy
108258,1988,Tanner,0.000452,boy
108259,1988,Cole,0.000451,boy
108260,1988,Branden,0.000447,boy
108261,1988,Melvin,0.000446,boy
108262,1988,Ethan,0.000446,boy
108263,1988,Johnathon,0.000445,boy
108264,1988,Miles,0.000444,boy
108265,1988,Elijah,0.000441,boy
108266,1988,Dale,0.00044,boy
108267,1988,Colton,0.000439,boy
108268,1988,Orlando,0.000437,boy
108269,1988,Zachery,0.000436,boy
108270,1988,Dean,0.000429,boy
108271,1988,Collin,0.000424,boy
108272,1988,Karl,0.000421,boy
108273,1988,Courtney,0.000421,boy
108274,1988,Marshall,0.00042,boy
108275,1988,Gerardo,0.000418,boy
108276,1988,Brad,0.000417,boy
108277,1988,Jarrod,0.000417,boy
108278,1988,Andy,0.000415,boy
108279,1988,Franklin,0.000415,boy
108280,1988,Stanley,0.000415,boy
108281,1988,Dwayne,0.000414,boy
108282,1988,Morgan,0.000414,boy
108283,1988,Trenton,0.000413,boy
108284,1988,Nickolas,0.000411,boy
108285,1988,Arturo,0.000407,boy
108286,1988,Alfredo,0.000402,boy
108287,1988,Tristan,0.000401,boy
108288,1988,Kirk,0.000401,boy
108289,1988,Harold,0.000399,boy
108290,1988,Kelvin,0.000396,boy
108291,1988,Demetrius,0.000395,boy
108292,1988,Dillon,0.000393,boy
108293,1988,Jermaine,0.000392,boy
108294,1988,Connor,0.00039,boy
108295,1988,Wade,0.000388,boy
108296,1988,Quentin,0.000385,boy
108297,1988,Clifford,0.000382,boy
108298,1988,Dane,0.000379,boy
108299,1988,Nelson,0.000377,boy
108300,1988,Rene,0.000377,boy
108301,1988,Ernesto,0.000377,boy
108302,1988,Enrique,0.000376,boy
108303,1988,Lorenzo,0.000375,boy
108304,1988,Ray,0.000372,boy
108305,1988,Antoine,0.000371,boy
108306,1988,Malcolm,0.000371,boy
108307,1988,Kelly,0.000369,boy
108308,1988,Barry,0.000365,boy
108309,1988,Marcos,0.000363,boy
108310,1988,Landon,0.000362,boy
108311,1988,Alfred,0.000361,boy
108312,1988,Gilbert,0.000355,boy
108313,1988,Harrison,0.000347,boy
108314,1988,Deandre,0.000346,boy
108315,1988,Desmond,0.000346,boy
108316,1988,Alvin,0.000342,boy
108317,1988,Brock,0.000341,boy
108318,1988,Stuart,0.000338,boy
108319,1988,Leon,0.000338,boy
108320,1988,Donovan,0.000336,boy
108321,1988,Harry,0.000335,boy
108322,1988,Lamar,0.000334,boy
108323,1988,Kendall,0.000332,boy
108324,1988,Salvador,0.000332,boy
108325,1988,Marquis,0.000329,boy
108326,1988,Damien,0.000329,boy
108327,1988,Darnell,0.000327,boy
108328,1988,Israel,0.000326,boy
108329,1988,Daryl,0.000325,boy
108330,1988,Clarence,0.000325,boy
108331,1988,Warren,0.000325,boy
108332,1988,Angelo,0.000324,boy
108333,1988,Dexter,0.000322,boy
108334,1988,Kendrick,0.000322,boy
108335,1988,Cedric,0.00032,boy
108336,1988,Zachariah,0.00032,boy
108337,1988,Earl,0.000317,boy
108338,1988,Ralph,0.000313,boy
108339,1988,Chance,0.000311,boy
108340,1988,Damian,0.00031,boy
108341,1988,Josue,0.00031,boy
108342,1988,Joey,0.000309,boy
108343,1988,Howard,0.000307,boy
108344,1988,Bernard,0.000304,boy
108345,1988,Stefan,0.000303,boy
108346,1988,Jarvis,0.0003,boy
108347,1988,Terence,0.000298,boy
108348,1988,Beau,0.000297,boy
108349,1988,Allan,0.000295,boy
108350,1988,Dallas,0.000295,boy
108351,1988,Kurtis,0.000295,boy
108352,1988,Diego,0.000294,boy
108353,1988,Zackary,0.000293,boy
108354,1988,Simon,0.000293,boy
108355,1988,Damon,0.000292,boy
108356,1988,Rudy,0.00029,boy
108357,1988,Lewis,0.000286,boy
108358,1988,Felix,0.000284,boy
108359,1988,Kory,0.000284,boy
108360,1988,Roderick,0.000284,boy
108361,1988,Kody,0.000279,boy
108362,1988,Dakota,0.000277,boy
108363,1988,Heath,0.000276,boy
108364,1988,Jarred,0.000276,boy
108365,1988,Rashad,0.000276,boy
108366,1988,Emanuel,0.000275,boy
108367,1988,Skyler,0.000275,boy
108368,1988,Elias,0.000273,boy
108369,1988,Josiah,0.000272,boy
108370,1988,Gavin,0.000272,boy
108371,1988,Fabian,0.000271,boy
108372,1988,Jarrett,0.000269,boy
108373,1988,Eli,0.000268,boy
108374,1988,Jamar,0.000267,boy
108375,1988,Stephan,0.000265,boy
108376,1988,Elliott,0.000264,boy
108377,1988,Riley,0.000263,boy
108378,1988,Gustavo,0.000263,boy
108379,1988,Chaz,0.000262,boy
108380,1988,Quinton,0.000261,boy
108381,1988,Clifton,0.000259,boy
108382,1988,Tyrell,0.000257,boy
108383,1988,Abel,0.000257,boy
108384,1988,Derick,0.000256,boy
108385,1988,Shannon,0.000256,boy
108386,1988,Guillermo,0.000255,boy
108387,1988,Dante,0.000254,boy
108388,1988,Nolan,0.000253,boy
108389,1988,Roman,0.000253,boy
108390,1988,Kenny,0.000253,boy
108391,1988,Glen,0.000252,boy
108392,1988,Trey,0.000252,boy
108393,1988,Blaine,0.000251,boy
108394,1988,Alfonso,0.000251,boy
108395,1988,Brenton,0.000251,boy
108396,1988,Julius,0.00025,boy
108397,1988,Charlie,0.00025,boy
108398,1988,Elliot,0.000249,boy
108399,1988,Pablo,0.000248,boy
108400,1988,Giovanni,0.000247,boy
108401,1988,Chris,0.000246,boy
108402,1988,Clint,0.000246,boy
108403,1988,Leroy,0.000245,boy
108404,1988,Norman,0.000245,boy
108405,1988,Graham,0.000245,boy
108406,1988,Clay,0.000244,boy
108407,1988,Marlon,0.000244,boy
108408,1988,Noel,0.000244,boy
108409,1988,Bret,0.000243,boy
108410,1988,Dwight,0.000243,boy
108411,1988,Dominick,0.000241,boy
108412,1988,Sam,0.00024,boy
108413,1988,Ismael,0.000237,boy
108414,1988,Pierre,0.000237,boy
108415,1988,Donte,0.000234,boy
108416,1988,Owen,0.000233,boy
108417,1988,Gordon,0.000231,boy
108418,1988,Vernon,0.000231,boy
108419,1988,Alonzo,0.00023,boy
108420,1988,Brennan,0.00023,boy
108421,1988,Kent,0.00023,boy
108422,1988,Neal,0.00023,boy
108423,1988,Perry,0.000228,boy
108424,1988,Don,0.000227,boy
108425,1988,Gilberto,0.000225,boy
108426,1988,Leo,0.000224,boy
108427,1988,Oliver,0.000219,boy
108428,1988,Rodolfo,0.000219,boy
108429,1988,Weston,0.000219,boy
108430,1988,Demarcus,0.000219,boy
108431,1988,Roland,0.000217,boy
108432,1988,Saul,0.000217,boy
108433,1988,Rolando,0.000216,boy
108434,1988,Felipe,0.000215,boy
108435,1988,Rickey,0.000215,boy
108436,1988,Ben,0.000214,boy
108437,1988,Alec,0.000213,boy
108438,1988,Hugo,0.00021,boy
108439,1988,Parker,0.000209,boy
108440,1988,Alexis,0.000208,boy
108441,1988,Kerry,0.000208,boy
108442,1988,Lonnie,0.000207,boy
108443,1988,Sterling,0.000207,boy
108444,1988,Conor,0.000207,boy
108445,1988,Kaleb,0.000203,boy
108446,1988,Rory,0.000203,boy
108447,1988,Darrin,0.000202,boy
108448,1988,Forrest,0.000201,boy
108449,1988,Jayson,0.000201,boy
108450,1988,Herbert,0.0002,boy
108451,1988,Jaron,0.0002,boy
108452,1988,Esteban,0.000199,boy
108453,1988,Kasey,0.000199,boy
108454,1988,Korey,0.000196,boy
108455,1988,Duane,0.000196,boy
108456,1988,Fred,0.000196,boy
108457,1988,Sebastian,0.000196,boy
108458,1988,Brice,0.000195,boy
108459,1988,Jackson,0.000195,boy
108460,1988,Lloyd,0.000194,boy
108461,1988,Sheldon,0.000193,boy
108462,1988,Dana,0.000193,boy
108463,1988,Myles,0.000193,boy
108464,1988,Rick,0.000193,boy
108465,1988,Rogelio,0.000192,boy
108466,1988,Carlton,0.000191,boy
108467,1988,Mike,0.00019,boy
108468,1988,Zackery,0.00019,boy
108469,1988,Brendon,0.000189,boy
108470,1988,Zane,0.000189,boy
108471,1988,Wyatt,0.000188,boy
108472,1988,Corbin,0.000187,boy
108473,1988,Cornelius,0.000187,boy
108474,1988,Frankie,0.000187,boy
108475,1988,Salvatore,0.000187,boy
108476,1988,Fredrick,0.000186,boy
108477,1988,Deangelo,0.000185,boy
108478,1988,Bradford,0.000184,boy
108479,1988,Jordon,0.000183,boy
108480,1988,Darin,0.000183,boy
108481,1988,Coty,0.000182,boy
108482,1988,Milton,0.000182,boy
108483,1988,Avery,0.000181,boy
108484,1988,Jamel,0.000181,boy
108485,1988,Dusty,0.000178,boy
108486,1988,Leonardo,0.000177,boy
108487,1988,Antwan,0.000177,boy
108488,1988,Nathanael,0.000177,boy
108489,1988,Wilson,0.000177,boy
108490,1988,Tomas,0.000176,boy
108491,1988,Emilio,0.000174,boy
108492,1988,Ariel,0.000172,boy
108493,1988,Rusty,0.000171,boy
108494,1988,Sidney,0.000171,boy
108495,1988,Ramiro,0.000169,boy
108496,1988,Moises,0.000168,boy
108497,1988,Ty,0.000168,boy
108498,1988,Chadwick,0.000168,boy
108499,1988,Reid,0.000168,boy
108500,1988,Spenser,0.000167,boy
108501,1988,Demario,0.000166,boy
108502,1988,Keenan,0.000166,boy
108503,1988,Ali,0.000164,boy
108504,1988,Irvin,0.000164,boy
108505,1988,Kristofer,0.000164,boy
108506,1988,Jimmie,0.000164,boy
108507,1988,Gerard,0.000163,boy
108508,1988,Guy,0.000163,boy
108509,1988,Jerrod,0.000163,boy
108510,1988,Robin,0.000163,boy
108511,1988,Everett,0.000161,boy
108512,1988,Jeff,0.000161,boy
108513,1988,Freddie,0.00016,boy
108514,1988,Clark,0.000159,boy
108515,1988,Leslie,0.000159,boy
108516,1988,Tracy,0.000158,boy
108517,1988,Bryson,0.000156,boy
108518,1988,Ashton,0.000155,boy
108519,1988,Lester,0.000155,boy
108520,1988,Lamont,0.000154,boy
108521,1988,Irving,0.000152,boy
108522,1988,Ashley,0.000152,boy
108523,1988,Gene,0.000152,boy
108524,1988,Isiah,0.000151,boy
108525,1988,Raphael,0.000151,boy
108526,1988,Loren,0.00015,boy
108527,1988,Markus,0.00015,boy
108528,1988,Donnie,0.000149,boy
108529,1988,Brenden,0.000148,boy
108530,1988,Moses,0.000148,boy
108531,1988,Rocky,0.000148,boy
108532,1988,Johnnie,0.000147,boy
108533,1988,Noe,0.000147,boy
108534,1988,Ted,0.000146,boy
108535,1988,Dorian,0.000145,boy
108536,1988,Kellen,0.000145,boy
108537,1988,Davon,0.000145,boy
108538,1988,Deshawn,0.000145,boy
108539,1988,Nikolas,0.000145,boy
108540,1988,Jean,0.000144,boy
108541,1988,Kareem,0.000144,boy
108542,1988,Efrain,0.000143,boy
108543,1988,Freddy,0.000143,boy
108544,1988,Kameron,0.000143,boy
108545,1988,Braden,0.000143,boy
108546,1988,Carson,0.000142,boy
108547,1988,Reynaldo,0.000142,boy
108548,1988,Shayne,0.000141,boy
108549,1988,Quintin,0.000141,boy
108550,1988,Marcel,0.000139,boy
108551,1988,Floyd,0.000138,boy
108552,1988,Herman,0.000138,boy
108553,1988,Quincy,0.000138,boy
108554,1988,Bryon,0.000137,boy
108555,1988,Sonny,0.000137,boy
108556,1988,Toby,0.000137,boy
108557,1988,Reuben,0.000137,boy
108558,1988,Adan,0.000136,boy
108559,1988,Arnold,0.000136,boy
108560,1988,Davis,0.000136,boy
108561,1988,Humberto,0.000136,boy
108562,1988,Westley,0.000136,boy
108563,1988,Cecil,0.000135,boy
108564,1988,Stewart,0.000134,boy
108565,1988,Conrad,0.000134,boy
108566,1988,Dewayne,0.000133,boy
108567,1988,Quinn,0.000133,boy
108568,1988,Carter,0.000132,boy
108569,1988,Devan,0.000131,boy
108570,1988,Mackenzie,0.000131,boy
108571,1988,Lukas,0.000131,boy
108572,1988,Jameson,0.00013,boy
108573,1988,Dion,0.000128,boy
108574,1988,Reed,0.000128,boy
108575,1988,Solomon,0.000128,boy
108576,1988,Garret,0.000127,boy
108577,1988,Myron,0.000127,boy
108578,1988,Harvey,0.000127,boy
108579,1988,Jamaal,0.000127,boy
108580,1988,Mauricio,0.000127,boy
108581,1988,Jody,0.000126,boy
108582,1988,Aron,0.000126,boy
108583,1988,Jackie,0.000126,boy
108584,1988,Leland,0.000125,boy
108585,1988,Addison,0.000125,boy
108586,1988,Cordell,0.000125,boy
108587,1988,Jarod,0.000125,boy
108588,1988,Lionel,0.000125,boy
108589,1988,Lyle,0.000125,boy
108590,1988,Lane,0.000124,boy
108591,1988,Rex,0.000124,boy
108592,1988,Thaddeus,0.000124,boy
108593,1988,Dan,0.000124,boy
108594,1988,Mitchel,0.000124,boy
108595,1988,Jasper,0.000123,boy
108596,1988,Randolph,0.000123,boy
108597,1988,Shea,0.000123,boy
108598,1988,Vicente,0.000123,boy
108599,1988,Jonah,0.000122,boy
108600,1988,Santiago,0.000122,boy
108601,1988,Vance,0.000122,boy
108602,1988,Cristian,0.000122,boy
108603,1988,Alton,0.000121,boy
108604,1988,Deon,0.000121,boy
108605,1988,Erich,0.00012,boy
108606,1988,Jamison,0.00012,boy
108607,1988,Nick,0.00012,boy
108608,1988,Nigel,0.00012,boy
108609,1988,Will,0.00012,boy
108610,1988,Alvaro,0.00012,boy
108611,1988,Donnell,0.00012,boy
108612,1988,Wendell,0.00012,boy
108613,1988,Josh,0.000119,boy
108614,1988,Cordero,0.000118,boy
108615,1988,Cortez,0.000117,boy
108616,1988,Mohammad,0.000117,boy
108617,1988,Sammy,0.000117,boy
108618,1988,Ahmad,0.000117,boy
108619,1988,Griffin,0.000116,boy
108620,1988,Anton,0.000116,boy
108621,1988,Guadalupe,0.000115,boy
108622,1988,Jovan,0.000115,boy
108623,1988,Rodrigo,0.000115,boy
108624,1988,Skylar,0.000115,boy
108625,1988,Chester,0.000114,boy
108626,1988,Drake,0.000114,boy
108627,1988,Jace,0.000114,boy
108628,1988,Randal,0.000114,boy
108629,1988,Tucker,0.000114,boy
108630,1988,Harley,0.000114,boy
108631,1988,Joaquin,0.000113,boy
108632,1988,Winston,0.000113,boy
108633,1988,Arron,0.000113,boy
108634,1988,Chandler,0.000112,boy
108635,1988,Javon,0.000112,boy
108636,1988,Jessica,0.000112,boy
108637,1988,Clyde,0.000112,boy
108638,1988,Akeem,0.000111,boy
108639,1988,Leonel,0.00011,boy
108640,1988,Amos,0.000109,boy
108641,1988,Ignacio,0.000109,boy
108642,1988,Nestor,0.000108,boy
108643,1988,Keegan,0.000108,boy
108644,1988,Dalton,0.000107,boy
108645,1988,Jim,0.000107,boy
108646,1988,Amir,0.000107,boy
108647,1988,Garry,0.000107,boy
108648,1988,Kelsey,0.000107,boy
108649,1988,Rico,0.000107,boy
108650,1988,Robbie,0.000106,boy
108651,1988,Scotty,0.000106,boy
108652,1988,Aubrey,0.000105,boy
108653,1988,Barrett,0.000105,boy
108654,1988,Bradly,0.000104,boy
108655,1988,Nathanial,0.000104,boy
108656,1988,Rigoberto,0.000103,boy
108657,1988,Blair,0.000102,boy
108658,1988,Jerrell,0.000102,boy
108659,1988,Antwon,0.000102,boy
108660,1988,Bennett,0.000102,boy
108661,1988,Erin,0.000102,boy
108662,1988,Greg,0.000102,boy
108663,1988,Mychal,0.000102,boy
108664,1988,Stephon,0.000102,boy
108665,1988,Sylvester,0.000102,boy
108666,1988,Royce,0.000101,boy
108667,1988,Ezra,0.000101,boy
108668,1988,Jess,0.0001,boy
108669,1988,Teddy,0.0001,boy
108670,1988,Tory,0.0001,boy
108671,1988,Marquise,9.8e-05,boy
108672,1988,Adolfo,9.8e-05,boy
108673,1988,Colt,9.7e-05,boy
108674,1988,Ahmed,9.6e-05,boy
108675,1988,Benny,9.6e-05,boy
108676,1988,Kristian,9.6e-05,boy
108677,1988,Agustin,9.6e-05,boy
108678,1988,Ervin,9.6e-05,boy
108679,1988,Ezekiel,9.6e-05,boy
108680,1988,Moshe,9.6e-05,boy
108681,1988,Otis,9.6e-05,boy
108682,1988,Brooks,9.5e-05,boy
108683,1988,Jerald,9.5e-05,boy
108684,1988,Marty,9.5e-05,boy
108685,1988,Tom,9.4e-05,boy
108686,1988,Hugh,9.3e-05,boy
108687,1988,Kirby,9.3e-05,boy
108688,1988,Darrel,9.3e-05,boy
108689,1988,Shelby,9.2e-05,boy
108690,1988,Elvis,9.2e-05,boy
108691,1988,Willis,9.2e-05,boy
108692,1988,Tobias,9.1e-05,boy
108693,1988,Tyree,9.1e-05,boy
108694,1988,Brant,9.1e-05,boy
108695,1988,Heriberto,9e-05,boy
108696,1988,Ulysses,9e-05,boy
108697,1988,Claude,9e-05,boy
108698,1988,Deonte,8.9e-05,boy
108699,1988,Jakob,8.9e-05,boy
108700,1988,Paris,8.9e-05,boy
108701,1988,Pete,8.9e-05,boy
108702,1988,Darrius,8.9e-05,boy
108703,1988,Justen,8.9e-05,boy
108704,1988,Kyler,8.9e-05,boy
108705,1988,Maximilian,8.9e-05,boy
108706,1988,Bronson,8.8e-05,boy
108707,1988,Conner,8.8e-05,boy
108708,1988,Josef,8.8e-05,boy
108709,1988,Mohammed,8.8e-05,boy
108710,1988,Cruz,8.7e-05,boy
108711,1988,Luther,8.7e-05,boy
108712,1988,Bo,8.6e-05,boy
108713,1988,Grady,8.6e-05,boy
108714,1988,Houston,8.6e-05,boy
108715,1988,Issac,8.6e-05,boy
108716,1988,Jerod,8.6e-05,boy
108717,1988,Baby,8.6e-05,boy
108718,1988,Jonas,8.5e-05,boy
108719,1988,Marques,8.5e-05,boy
108720,1988,Sherman,8.5e-05,boy
108721,1988,Jefferson,8.5e-05,boy
108722,1988,Joesph,8.5e-05,boy
108723,1988,Liam,8.5e-05,boy
108724,1988,Rudolph,8.5e-05,boy
108725,1988,Wilfredo,8.5e-05,boy
108726,1988,Brandan,8.4e-05,boy
108727,1988,Duncan,8.4e-05,boy
108728,1988,Marion,8.4e-05,boy
108729,1988,Morris,8.4e-05,boy
108730,1988,Aric,8.4e-05,boy
108731,1988,Carey,8.4e-05,boy
108732,1988,Estevan,8.4e-05,boy
108733,1988,Cyrus,8.3e-05,boy
108734,1988,Tylor,8.3e-05,boy
108735,1988,Elmer,8.3e-05,boy
108736,1988,Jerel,8.3e-05,boy
108737,1988,Rodrick,8.3e-05,boy
108738,1988,Bernardo,8.2e-05,boy
108739,1988,Antony,8.2e-05,boy
108740,1988,Cullen,8.2e-05,boy
108741,1988,Dave,8.2e-05,boy
108742,1988,Dereck,8.2e-05,boy
108743,1988,Keaton,8.2e-05,boy
108744,1988,Ryne,8.1e-05,boy
108745,1988,Cary,8.1e-05,boy
108746,1988,Mikel,8.1e-05,boy
108747,1988,Trever,8.1e-05,boy
108748,1988,Derik,8e-05,boy
108749,1988,Edmund,8e-05,boy
108750,1988,Damion,8e-05,boy
108751,1988,Dandre,8e-05,boy
108752,1988,Justine,8e-05,boy
108753,1988,Hans,7.9e-05,boy
108754,1988,Malik,7.9e-05,boy
108755,1988,Rhett,7.9e-05,boy
108756,1988,Earnest,7.9e-05,boy
108757,1988,Santos,7.9e-05,boy
108758,1988,Jarrell,7.8e-05,boy
108759,1988,Jerad,7.8e-05,boy
108760,1988,Tommie,7.8e-05,boy
108761,1988,Brody,7.7e-05,boy
108762,1988,Cristopher,7.7e-05,boy
108763,1988,Titus,7.7e-05,boy
108764,1988,Grayson,7.6e-05,boy
108765,1988,Cortney,7.6e-05,boy
108766,1988,Rashawn,7.6e-05,boy
108767,1988,Reece,7.6e-05,boy
108768,1988,Fidel,7.5e-05,boy
108769,1988,Hassan,7.5e-05,boy
108770,1988,Shelton,7.5e-05,boy
108771,1988,Brandyn,7.5e-05,boy
108772,1988,Jeramy,7.5e-05,boy
108773,1988,Asa,7.4e-05,boy
108774,1988,German,7.4e-05,boy
108775,1988,Gregg,7.4e-05,boy
108776,1988,Ira,7.4e-05,boy
108777,1988,Roosevelt,7.4e-05,boy
108778,1988,Galen,7.4e-05,boy
108779,1988,Ellis,7.3e-05,boy
108780,1988,Jacques,7.3e-05,boy
108781,1988,Ron,7.3e-05,boy
108782,1988,Austen,7.3e-05,boy
108783,1988,Bennie,7.3e-05,boy
108784,1988,Bill,7.3e-05,boy
108785,1988,Mickey,7.3e-05,boy
108786,1988,Daren,7.2e-05,boy
108787,1988,Gonzalo,7.2e-05,boy
108788,1988,Jairo,7.2e-05,boy
108789,1988,Kenton,7.2e-05,boy
108790,1988,Matt,7.2e-05,boy
108791,1988,Octavio,7.2e-05,boy
108792,1988,Cooper,7.2e-05,boy
108793,1988,Holden,7.2e-05,boy
108794,1988,Camron,7.1e-05,boy
108795,1988,Junior,7.1e-05,boy
108796,1988,Virgil,7.1e-05,boy
108797,1988,Deven,7.1e-05,boy
108798,1988,Jamil,7.1e-05,boy
108799,1988,Vaughn,7.1e-05,boy
108800,1988,Cale,7e-05,boy
108801,1988,Carlo,7e-05,boy
108802,1988,Cornell,7e-05,boy
108803,1988,Timmy,7e-05,boy
108804,1988,Benito,7e-05,boy
108805,1988,Jedidiah,6.9e-05,boy
108806,1988,Prince,6.9e-05,boy
108807,1988,Stacy,6.9e-05,boy
108808,1988,Chaim,6.9e-05,boy
108809,1988,Coleman,6.9e-05,boy
108810,1988,Pierce,6.9e-05,boy
108811,1988,Uriel,6.9e-05,boy
108812,1988,Wallace,6.9e-05,boy
108813,1988,Braxton,6.8e-05,boy
108814,1988,Broderick,6.8e-05,boy
108815,1988,Colten,6.7e-05,boy
108816,1988,Dejuan,6.7e-05,boy
108817,1988,Jeffry,6.7e-05,boy
108818,1988,Brain,6.7e-05,boy
108819,1988,Derrell,6.7e-05,boy
108820,1988,Kraig,6.7e-05,boy
108821,1988,Daron,6.6e-05,boy
108822,1988,Gino,6.6e-05,boy
108823,1988,Long,6.6e-05,boy
108824,1988,Louie,6.6e-05,boy
108825,1988,Mack,6.6e-05,boy
108826,1988,Abram,6.6e-05,boy
108827,1988,Keon,6.6e-05,boy
108828,1988,Samson,6.6e-05,boy
108829,1988,Cedrick,6.5e-05,boy
108830,1988,Codey,6.5e-05,boy
108831,1988,Torrey,6.5e-05,boy
108832,1988,Van,6.5e-05,boy
108833,1988,Alphonso,6.5e-05,boy
108834,1988,Dario,6.5e-05,boy
108835,1988,Darwin,6.5e-05,boy
108836,1988,Davin,6.5e-05,boy
108837,1988,Jeromy,6.5e-05,boy
108838,1988,Dontae,6.4e-05,boy
108839,1988,Jeremie,6.4e-05,boy
108840,1988,Osvaldo,6.4e-05,boy
108841,1988,Shay,6.4e-05,boy
108842,1988,Trevin,6.4e-05,boy
108843,1988,Deron,6.4e-05,boy
108844,1988,Jered,6.4e-05,boy
108845,1988,Tyron,6.4e-05,boy
108846,1988,Donta,6.3e-05,boy
108847,1988,Antione,6.3e-05,boy
108848,1988,Brandin,6.3e-05,boy
108849,1988,Curt,6.3e-05,boy
108850,1988,Edmond,6.3e-05,boy
108851,1988,Marlin,6.3e-05,boy
108852,1988,Randell,6.3e-05,boy
108853,1988,Arsenio,6.2e-05,boy
108854,1988,Aldo,6.2e-05,boy
108855,1988,Brennen,6.2e-05,boy
108856,1988,Chauncey,6.2e-05,boy
108857,1988,Amanda,6.1e-05,boy
108858,1988,August,6.1e-05,boy
108859,1988,Elvin,6.1e-05,boy
108860,1988,Jessy,6.1e-05,boy
108861,1988,Darrick,6.1e-05,boy
108862,1988,Donavan,6.1e-05,boy
108863,1988,Jory,6.1e-05,boy
108864,1988,Lincoln,6.1e-05,boy
108865,1988,Rocco,6.1e-05,boy
108866,1988,Laron,6e-05,boy
108867,1988,Robby,6e-05,boy
108868,1988,Alonso,6e-05,boy
108869,1988,Ezequiel,6e-05,boy
108870,1988,Jed,6e-05,boy
108871,1988,Monte,6e-05,boy
108872,1988,Stacey,6e-05,boy
108873,1988,Andreas,5.9e-05,boy
108874,1988,Ari,5.9e-05,boy
108875,1988,Brandt,5.9e-05,boy
108876,1988,Britton,5.9e-05,boy
108877,1988,Demarco,5.9e-05,boy
108878,1988,Efren,5.9e-05,boy
108879,1988,Silas,5.9e-05,boy
108880,1988,Waylon,5.9e-05,boy
108881,1988,Cassidy,5.8e-05,boy
108882,1988,Greggory,5.8e-05,boy
108883,1988,Jaquan,5.8e-05,boy
108884,1988,Rashaad,5.8e-05,boy
108885,1988,Archie,5.8e-05,boy
108886,1988,Dashawn,5.8e-05,boy
108887,1988,Dirk,5.8e-05,boy
108888,1988,Eddy,5.8e-05,boy
108889,1988,Geraldo,5.8e-05,boy
108890,1988,Isidro,5.8e-05,boy
108891,1988,Martez,5.8e-05,boy
108892,1988,Theron,5.8e-05,boy
108893,1988,Whitney,5.8e-05,boy
108894,1988,Jennifer,5.7e-05,boy
108895,1988,Johathan,5.7e-05,boy
108896,1988,Kelby,5.7e-05,boy
108897,1988,Mohamed,5.7e-05,boy
108898,1988,Eliezer,5.7e-05,boy
108899,1988,Garrison,5.7e-05,boy
108900,1988,Hayden,5.7e-05,boy
108901,1988,Jade,5.7e-05,boy
108902,1988,Coby,5.6e-05,boy
108903,1988,Darron,5.6e-05,boy
108904,1988,Denny,5.6e-05,boy
108905,1988,Isaias,5.6e-05,boy
108906,1988,Kristoffer,5.6e-05,boy
108907,1988,Kalvin,5.6e-05,boy
108908,1988,Emmett,5.5e-05,boy
108909,1988,Gregorio,5.5e-05,boy
108910,1988,Jamarcus,5.5e-05,boy
108911,1988,Jeremey,5.5e-05,boy
108912,1988,Ken,5.5e-05,boy
108913,1988,Donavon,5.5e-05,boy
108914,1988,Jan,5.5e-05,boy
108915,1988,Michel,5.5e-05,boy
108916,1988,Anderson,5.4e-05,boy
108917,1988,Coy,5.4e-05,boy
108918,1988,Jacoby,5.4e-05,boy
108919,1988,Jarad,5.4e-05,boy
108920,1988,Kale,5.4e-05,boy
108921,1988,Kane,5.4e-05,boy
108922,1988,Kolby,5.4e-05,boy
108923,1988,Tad,5.4e-05,boy
108924,1988,Jeramie,5.4e-05,boy
108925,1988,Raymundo,5.4e-05,boy
108926,1988,Reggie,5.4e-05,boy
108927,1988,Dangelo,5.3e-05,boy
108928,1988,Derrek,5.3e-05,boy
108929,1988,Keven,5.3e-05,boy
108930,1988,Laurence,5.3e-05,boy
108931,1988,Payton,5.3e-05,boy
108932,1988,Percy,5.3e-05,boy
108933,1988,Schuyler,5.3e-05,boy
108934,1988,Vince,5.3e-05,boy
108935,1988,Danial,5.3e-05,boy
108936,1988,Francesco,5.3e-05,boy
108937,1988,Raheem,5.3e-05,boy
108938,1988,Reese,5.3e-05,boy
108939,1988,Buddy,5.2e-05,boy
108940,1988,Cade,5.2e-05,boy
108941,1988,Channing,5.2e-05,boy
108942,1988,Marquez,5.2e-05,boy
108943,1988,Martell,5.2e-05,boy
108944,1988,Rickie,5.2e-05,boy
108945,1988,Travon,5.2e-05,boy
108946,1988,Wilbert,5.2e-05,boy
108947,1988,Deric,5.2e-05,boy
108948,1988,Domingo,5.2e-05,boy
108949,1988,Horace,5.2e-05,boy
108950,1988,Jaymes,5.2e-05,boy
108951,1988,Madison,5.2e-05,boy
108952,1988,Muhammad,5.2e-05,boy
108953,1988,Tyrel,5.2e-05,boy
108954,1988,Armand,5.1e-05,boy
108955,1988,Edwardo,5.1e-05,boy
108956,1988,Elizabeth,5.1e-05,boy
108957,1988,Jermey,5.1e-05,boy
108958,1988,Ronny,5.1e-05,boy
108959,1988,Dominque,5.1e-05,boy
108960,1988,Brittany,5e-05,boy
108961,1988,Darian,5e-05,boy
108962,1988,Donny,5e-05,boy
108963,1988,Levon,5e-05,boy
108964,1988,Maria,5e-05,boy
108965,1988,Nathen,5e-05,boy
108966,1988,Chadd,5e-05,boy
108967,1988,Edgardo,5e-05,boy
108968,1988,Genaro,5e-05,boy
108969,1988,Hank,5e-05,boy
108970,1988,Harris,5e-05,boy
108971,1988,Johnpaul,5e-05,boy
108972,1988,Lauren,5e-05,boy
108973,1988,Lazaro,5e-05,boy
108974,1988,Ridge,5e-05,boy
108975,1988,Terrill,5e-05,boy
108976,1988,Walker,5e-05,boy
108977,1988,Willard,5e-05,boy
108978,1988,Alexandro,4.9e-05,boy
108979,1988,Darell,4.9e-05,boy
108980,1988,Mikhail,4.9e-05,boy
108981,1988,Denver,4.9e-05,boy
108982,1988,Federico,4.9e-05,boy
108983,1988,Garett,4.9e-05,boy
108984,1988,Mariano,4.9e-05,boy
108985,1988,Brantley,4.8e-05,boy
108986,1988,Corwin,4.8e-05,boy
108987,1988,Ernie,4.8e-05,boy
108988,1988,Mitch,4.8e-05,boy
108989,1988,Nico,4.8e-05,boy
108990,1988,Rufus,4.8e-05,boy
108991,1988,Torey,4.8e-05,boy
108992,1988,Zechariah,4.8e-05,boy
108993,1988,Jayme,4.8e-05,boy
108994,1988,Kade,4.8e-05,boy
108995,1988,Kalen,4.8e-05,boy
108996,1988,Norberto,4.8e-05,boy
108997,1988,Romeo,4.8e-05,boy
108998,1988,Alexandre,4.7e-05,boy
108999,1988,Christina,4.7e-05,boy
109000,1989,Michael,0.031213,boy
109001,1989,Christopher,0.025455,boy
109002,1989,Matthew,0.021662,boy
109003,1989,Joshua,0.021047,boy
109004,1989,David,0.016806,boy
109005,1989,Daniel,0.016701,boy
109006,1989,Andrew,0.016617,boy
109007,1989,Justin,0.015681,boy
109008,1989,James,0.015614,boy
109009,1989,Robert,0.01435,boy
109010,1989,Joseph,0.014253,boy
109011,1989,John,0.014238,boy
109012,1989,Ryan,0.013557,boy
109013,1989,Nicholas,0.013469,boy
109014,1989,William,0.01178,boy
109015,1989,Anthony,0.01166,boy
109016,1989,Jonathan,0.011263,boy
109017,1989,Brandon,0.011129,boy
109018,1989,Kevin,0.010118,boy
109019,1989,Kyle,0.009968,boy
109020,1989,Eric,0.009057,boy
109021,1989,Steven,0.009034,boy
109022,1989,Thomas,0.008802,boy
109023,1989,Brian,0.008637,boy
109024,1989,Zachary,0.008628,boy
109025,1989,Jacob,0.008512,boy
109026,1989,Adam,0.00808,boy
109027,1989,Timothy,0.007841,boy
109028,1989,Benjamin,0.007507,boy
109029,1989,Tyler,0.007442,boy
109030,1989,Aaron,0.007308,boy
109031,1989,Alexander,0.006928,boy
109032,1989,Richard,0.006744,boy
109033,1989,Jeremy,0.006243,boy
109034,1989,Jason,0.006018,boy
109035,1989,Charles,0.005847,boy
109036,1989,Jeffrey,0.005737,boy
109037,1989,Patrick,0.005722,boy
109038,1989,Sean,0.005677,boy
109039,1989,Stephen,0.005604,boy
109040,1989,Travis,0.0055,boy
109041,1989,Mark,0.005399,boy
109042,1989,Nathan,0.005203,boy
109043,1989,Jordan,0.005189,boy
109044,1989,Cody,0.005165,boy
109045,1989,Jose,0.004925,boy
109046,1989,Samuel,0.004819,boy
109047,1989,Dustin,0.004639,boy
109048,1989,Paul,0.004309,boy
109049,1989,Jesse,0.004226,boy
109050,1989,Scott,0.004225,boy
109051,1989,Gregory,0.00418,boy
109052,1989,Kenneth,0.004085,boy
109053,1989,Derek,0.003994,boy
109054,1989,Corey,0.003824,boy
109055,1989,Bryan,0.003748,boy
109056,1989,Jared,0.003348,boy
109057,1989,Bradley,0.003332,boy
109058,1989,Austin,0.003288,boy
109059,1989,Alex,0.003121,boy
109060,1989,Cory,0.003081,boy
109061,1989,Edward,0.002796,boy
109062,1989,Juan,0.002754,boy
109063,1989,Cameron,0.002669,boy
109064,1989,Shawn,0.002613,boy
109065,1989,Peter,0.002578,boy
109066,1989,Marcus,0.002573,boy
109067,1989,Ian,0.00236,boy
109068,1989,Evan,0.002351,boy
109069,1989,Keith,0.002334,boy
109070,1989,Shane,0.00232,boy
109071,1989,Taylor,0.00232,boy
109072,1989,Luis,0.00231,boy
109073,1989,Chad,0.002255,boy
109074,1989,Phillip,0.002253,boy
109075,1989,Antonio,0.002251,boy
109076,1989,Carlos,0.002212,boy
109077,1989,Christian,0.002203,boy
109078,1989,George,0.002152,boy
109079,1989,Vincent,0.002144,boy
109080,1989,Brett,0.002112,boy
109081,1989,Donald,0.002063,boy
109082,1989,Trevor,0.001986,boy
109083,1989,Nathaniel,0.001964,boy
109084,1989,Ronald,0.00196,boy
109085,1989,Raymond,0.001958,boy
109086,1989,Ethan,0.001933,boy
109087,1989,Joel,0.001881,boy
109088,1989,Victor,0.00186,boy
109089,1989,Casey,0.00184,boy
109090,1989,Caleb,0.001808,boy
109091,1989,Douglas,0.001765,boy
109092,1989,Mitchell,0.00174,boy
109093,1989,Seth,0.001735,boy
109094,1989,Erik,0.001732,boy
109095,1989,Devin,0.001716,boy
109096,1989,Blake,0.00168,boy
109097,1989,Wesley,0.001651,boy
109098,1989,Derrick,0.001644,boy
109099,1989,Adrian,0.00163,boy
109100,1989,Philip,0.001583,boy
109101,1989,Garrett,0.001582,boy
109102,1989,Jesus,0.00157,boy
109103,1989,Logan,0.001566,boy
109104,1989,Craig,0.001508,boy
109105,1989,Gary,0.001494,boy
109106,1989,Spencer,0.001492,boy
109107,1989,Miguel,0.001469,boy
109108,1989,Frank,0.001456,boy
109109,1989,Gabriel,0.001448,boy
109110,1989,Curtis,0.001415,boy
109111,1989,Johnathan,0.001414,boy
109112,1989,Chase,0.001368,boy
109113,1989,Lucas,0.001364,boy
109114,1989,Dylan,0.001362,boy
109115,1989,Mario,0.001358,boy
109116,1989,Martin,0.001334,boy
109117,1989,Brent,0.001312,boy
109118,1989,Ricardo,0.001305,boy
109119,1989,Alan,0.0013,boy
109120,1989,Luke,0.001292,boy
109121,1989,Jorge,0.001288,boy
109122,1989,Dennis,0.001276,boy
109123,1989,Troy,0.00126,boy
109124,1989,Francisco,0.001249,boy
109125,1989,Colin,0.001244,boy
109126,1989,Randy,0.001243,boy
109127,1989,Jonathon,0.001209,boy
109128,1989,Jeffery,0.001183,boy
109129,1989,Allen,0.001126,boy
109130,1989,Larry,0.001118,boy
109131,1989,Tony,0.001098,boy
109132,1989,Johnny,0.001095,boy
109133,1989,Andre,0.001084,boy
109134,1989,Carl,0.001079,boy
109135,1989,Russell,0.001059,boy
109136,1989,Isaac,0.001055,boy
109137,1989,Julian,0.001055,boy
109138,1989,Manuel,0.001053,boy
109139,1989,Angel,0.001037,boy
109140,1989,Henry,0.001034,boy
109141,1989,Mathew,0.001033,boy
109142,1989,Jerry,0.001032,boy
109143,1989,Jeremiah,0.001025,boy
109144,1989,Brendan,0.001024,boy
109145,1989,Todd,0.001015,boy
109146,1989,Edgar,0.001003,boy
109147,1989,Alejandro,0.000992,boy
109148,1989,Roberto,0.000961,boy
109149,1989,Drew,0.00096,boy
109150,1989,Terry,0.000957,boy
109151,1989,Jake,0.000937,boy
109152,1989,Kristopher,0.000937,boy
109153,1989,Clayton,0.000936,boy
109154,1989,Oscar,0.000936,boy
109155,1989,Eduardo,0.000925,boy
109156,1989,Colton,0.000918,boy
109157,1989,Danny,0.000913,boy
109158,1989,Ricky,0.000905,boy
109159,1989,Marc,0.000904,boy
109160,1989,Calvin,0.000891,boy
109161,1989,Randall,0.000882,boy
109162,1989,Louis,0.000876,boy
109163,1989,Micheal,0.000876,boy
109164,1989,Lance,0.000871,boy
109165,1989,Javier,0.000864,boy
109166,1989,Hector,0.000861,boy
109167,1989,Ross,0.000851,boy
109168,1989,Levi,0.000847,boy
109169,1989,Bobby,0.000839,boy
109170,1989,Edwin,0.000839,boy
109171,1989,Albert,0.000839,boy
109172,1989,Lawrence,0.000837,boy
109173,1989,Sergio,0.000835,boy
109174,1989,Jimmy,0.000832,boy
109175,1989,Rodney,0.000828,boy
109176,1989,Bryant,0.000827,boy
109177,1989,Devon,0.000821,boy
109178,1989,Jack,0.000817,boy
109179,1989,Grant,0.000802,boy
109180,1989,Bryce,0.000781,boy
109181,1989,Darren,0.000776,boy
109182,1989,Omar,0.000775,boy
109183,1989,Walter,0.000767,boy
109184,1989,Max,0.000766,boy
109185,1989,Ruben,0.000761,boy
109186,1989,Fernando,0.000754,boy
109187,1989,Lee,0.000737,boy
109188,1989,Arthur,0.000731,boy
109189,1989,Nicolas,0.00073,boy
109190,1989,Ivan,0.000728,boy
109191,1989,Jon,0.00072,boy
109192,1989,Billy,0.000718,boy
109193,1989,Darius,0.000718,boy
109194,1989,Joe,0.000712,boy
109195,1989,Roger,0.000705,boy
109196,1989,Jamie,0.000703,boy
109197,1989,Preston,0.000703,boy
109198,1989,Pedro,0.000702,boy
109199,1989,Dominic,0.000701,boy
109200,1989,Gerald,0.000701,boy
109201,1989,Willie,0.000697,boy
109202,1989,Jay,0.000688,boy
109203,1989,Maurice,0.000678,boy
109204,1989,Maxwell,0.000669,boy
109205,1989,Jaime,0.000667,boy
109206,1989,Shaun,0.000664,boy
109207,1989,Terrance,0.00065,boy
109208,1989,Raul,0.000649,boy
109209,1989,Xavier,0.000647,boy
109210,1989,Clinton,0.000645,boy
109211,1989,Emmanuel,0.000638,boy
109212,1989,Rafael,0.00063,boy
109213,1989,Andres,0.000623,boy
109214,1989,Reginald,0.000619,boy
109215,1989,Theodore,0.000616,boy
109216,1989,Roy,0.000599,boy
109217,1989,Cesar,0.000593,boy
109218,1989,Tanner,0.00059,boy
109219,1989,Dominique,0.000589,boy
109220,1989,Noah,0.000588,boy
109221,1989,Bruce,0.000578,boy
109222,1989,Geoffrey,0.000577,boy
109223,1989,Eddie,0.000577,boy
109224,1989,Darrell,0.000576,boy
109225,1989,Hunter,0.000575,boy
109226,1989,Isaiah,0.000567,boy
109227,1989,Marvin,0.000567,boy
109228,1989,Julio,0.000566,boy
109229,1989,Alberto,0.000561,boy
109230,1989,Armando,0.000558,boy
109231,1989,Wayne,0.000558,boy
109232,1989,Terrence,0.000553,boy
109233,1989,Marco,0.000548,boy
109234,1989,Jessie,0.000541,boy
109235,1989,Darryl,0.00054,boy
109236,1989,Micah,0.000532,boy
109237,1989,Frederick,0.000531,boy
109238,1989,Jamal,0.000527,boy
109239,1989,Mason,0.000523,boy
109240,1989,Christop,0.000517,boy
109241,1989,Trent,0.000516,boy
109242,1989,Ramon,0.000515,boy
109243,1989,Byron,0.000513,boy
109244,1989,Erick,0.000511,boy
109245,1989,Tyrone,0.000509,boy
109246,1989,Collin,0.000507,boy
109247,1989,Nickolas,0.000501,boy
109248,1989,Jerome,0.000495,boy
109249,1989,Colby,0.000492,boy
109250,1989,Dillon,0.00049,boy
109251,1989,Neil,0.000489,boy
109252,1989,Zachery,0.000489,boy
109253,1989,Trenton,0.000475,boy
109254,1989,Abraham,0.000475,boy
109255,1989,Steve,0.000474,boy
109256,1989,Elijah,0.000473,boy
109257,1989,Johnathon,0.000471,boy
109258,1989,Terrell,0.00047,boy
109259,1989,Kurt,0.000464,boy
109260,1989,Ronnie,0.000464,boy
109261,1989,Branden,0.000462,boy
109262,1989,Tommy,0.000457,boy
109263,1989,Miles,0.000456,boy
109264,1989,Ernest,0.000456,boy
109265,1989,Connor,0.000446,boy
109266,1989,Gerardo,0.000445,boy
109267,1989,Francis,0.000438,boy
109268,1989,Alfredo,0.000437,boy
109269,1989,Glenn,0.000435,boy
109270,1989,Leonard,0.000435,boy
109271,1989,Karl,0.000434,boy
109272,1989,Cole,0.000433,boy
109273,1989,Malcolm,0.000431,boy
109274,1989,Franklin,0.000429,boy
109275,1989,Melvin,0.000428,boy
109276,1989,Andy,0.000427,boy
109277,1989,Dean,0.000425,boy
109278,1989,Deandre,0.000424,boy
109279,1989,Enrique,0.000424,boy
109280,1989,Demetrius,0.000422,boy
109281,1989,Eugene,0.000422,boy
109282,1989,Harrison,0.000422,boy
109283,1989,Dwayne,0.000415,boy
109284,1989,Stanley,0.000415,boy
109285,1989,Arturo,0.000411,boy
109286,1989,Nelson,0.000409,boy
109287,1989,Dale,0.000407,boy
109288,1989,Marshall,0.000404,boy
109289,1989,Brady,0.000402,boy
109290,1989,Kirk,0.000402,boy
109291,1989,Orlando,0.0004,boy
109292,1989,Jarrod,0.000398,boy
109293,1989,Morgan,0.000395,boy
109294,1989,Kelvin,0.000394,boy
109295,1989,Dakota,0.000393,boy
109296,1989,Alvin,0.000392,boy
109297,1989,Jermaine,0.000391,boy
109298,1989,Kelly,0.000388,boy
109299,1989,Marcos,0.000384,boy
109300,1989,Salvador,0.000383,boy
109301,1989,Marquis,0.000382,boy
109302,1989,Courtney,0.00038,boy
109303,1989,Warren,0.000375,boy
109304,1989,Harold,0.000373,boy
109305,1989,Ernesto,0.000371,boy
109306,1989,Wade,0.000371,boy
109307,1989,Clifford,0.00037,boy
109308,1989,Damian,0.00037,boy
109309,1989,Damien,0.000369,boy
109310,1989,Donovan,0.000368,boy
109311,1989,Brock,0.000364,boy
109312,1989,Tristan,0.000364,boy
109313,1989,Lorenzo,0.000363,boy
109314,1989,Desmond,0.000362,boy
109315,1989,Elliot,0.000362,boy
109316,1989,Israel,0.000362,boy
109317,1989,Landon,0.000359,boy
109318,1989,Diego,0.000358,boy
109319,1989,Quentin,0.000357,boy
109320,1989,Brad,0.000357,boy
109321,1989,Harry,0.000356,boy
109322,1989,Rene,0.000353,boy
109323,1989,Stuart,0.000353,boy
109324,1989,Lamar,0.000351,boy
109325,1989,Ray,0.000344,boy
109326,1989,Chance,0.000339,boy
109327,1989,Kendrick,0.000337,boy
109328,1989,Antoine,0.000336,boy
109329,1989,Angelo,0.000336,boy
109330,1989,Quinton,0.000336,boy
109331,1989,Barry,0.000334,boy
109332,1989,Gustavo,0.000333,boy
109333,1989,Zachariah,0.000333,boy
109334,1989,Josue,0.000332,boy
109335,1989,Kendall,0.000329,boy
109336,1989,Dexter,0.000328,boy
109337,1989,Dane,0.000326,boy
109338,1989,Gilbert,0.000324,boy
109339,1989,Zackary,0.000324,boy
109340,1989,Riley,0.000323,boy
109341,1989,Skyler,0.000323,boy
109342,1989,Kaleb,0.000319,boy
109343,1989,Stefan,0.000319,boy
109344,1989,Elliott,0.000319,boy
109345,1989,Tyson,0.000318,boy
109346,1989,Ralph,0.000317,boy
109347,1989,Rashad,0.000315,boy
109348,1989,Bernard,0.000314,boy
109349,1989,Darnell,0.000313,boy
109350,1989,Leon,0.000308,boy
109351,1989,Damon,0.000307,boy
109352,1989,Elias,0.000307,boy
109353,1989,Cedric,0.000306,boy
109354,1989,Kody,0.000306,boy
109355,1989,Jarrett,0.000305,boy
109356,1989,Clarence,0.000304,boy
109357,1989,Alfred,0.000303,boy
109358,1989,Jarvis,0.000303,boy
109359,1989,Gavin,0.000299,boy
109360,1989,Pablo,0.000298,boy
109361,1989,Kurtis,0.000298,boy
109362,1989,Giovanni,0.000297,boy
109363,1989,Nolan,0.000295,boy
109364,1989,Eli,0.000292,boy
109365,1989,Roderick,0.000291,boy
109366,1989,Felix,0.000291,boy
109367,1989,Jarred,0.00029,boy
109368,1989,Trey,0.00029,boy
109369,1989,Joey,0.000289,boy
109370,1989,Alec,0.000288,boy
109371,1989,Earl,0.000287,boy
109372,1989,Kory,0.000287,boy
109373,1989,Blaine,0.000286,boy
109374,1989,Jamar,0.000284,boy
109375,1989,Rudy,0.000284,boy
109376,1989,Fabian,0.000284,boy
109377,1989,Allan,0.000283,boy
109378,1989,Dallas,0.000282,boy
109379,1989,Josiah,0.000282,boy
109380,1989,Emanuel,0.000281,boy
109381,1989,Stephan,0.000276,boy
109382,1989,Beau,0.000274,boy
109383,1989,Simon,0.000273,boy
109384,1989,Derick,0.000273,boy
109385,1989,Roman,0.000273,boy
109386,1989,Terence,0.000273,boy
109387,1989,Daryl,0.000271,boy
109388,1989,Shannon,0.000271,boy
109389,1989,Noel,0.000268,boy
109390,1989,Lewis,0.000267,boy
109391,1989,Howard,0.000266,boy
109392,1989,Rodolfo,0.000266,boy
109393,1989,Kenny,0.000265,boy
109394,1989,Dominick,0.000263,boy
109395,1989,Dante,0.000263,boy
109396,1989,Bret,0.000261,boy
109397,1989,Alexis,0.00026,boy
109398,1989,Julius,0.000259,boy
109399,1989,Abel,0.000259,boy
109400,1989,Heath,0.000255,boy
109401,1989,Chris,0.000255,boy
109402,1989,Ashton,0.000254,boy
109403,1989,Guillermo,0.000253,boy
109404,1989,Parker,0.000253,boy
109405,1989,Corbin,0.000251,boy
109406,1989,Hugo,0.00025,boy
109407,1989,Charlie,0.000249,boy
109408,1989,Saul,0.000249,boy
109409,1989,Neal,0.000248,boy
109410,1989,Zackery,0.000248,boy
109411,1989,Sebastian,0.000245,boy
109412,1989,Clifton,0.000242,boy
109413,1989,Donte,0.00024,boy
109414,1989,Sam,0.00024,boy
109415,1989,Chaz,0.000239,boy
109416,1989,Graham,0.000238,boy
109417,1989,Norman,0.000237,boy
109418,1989,Alfonso,0.000237,boy
109419,1989,Gilberto,0.000236,boy
109420,1989,Jackson,0.000235,boy
109421,1989,Brendon,0.000233,boy
109422,1989,Dwight,0.000233,boy
109423,1989,Leroy,0.000233,boy
109424,1989,Felipe,0.000232,boy
109425,1989,Jordon,0.000232,boy
109426,1989,Korey,0.000232,boy
109427,1989,Glen,0.00023,boy
109428,1989,Esteban,0.000229,boy
109429,1989,Wyatt,0.000229,boy
109430,1989,Carlton,0.000228,boy
109431,1989,Tyrell,0.000228,boy
109432,1989,Rogelio,0.000226,boy
109433,1989,Weston,0.000226,boy
109434,1989,Gordon,0.000225,boy
109435,1989,Avery,0.000224,boy
109436,1989,Forrest,0.000221,boy
109437,1989,Akeem,0.00022,boy
109438,1989,Perry,0.00022,boy
109439,1989,Demarcus,0.000218,boy
109440,1989,Oliver,0.000218,boy
109441,1989,Emilio,0.000217,boy
109442,1989,Ismael,0.000216,boy
109443,1989,Clay,0.000215,boy
109444,1989,Brenton,0.000214,boy
109445,1989,Brennan,0.000213,boy
109446,1989,Moises,0.00021,boy
109447,1989,Kent,0.000209,boy
109448,1989,Fredrick,0.000208,boy
109449,1989,Ben,0.000207,boy
109450,1989,Cornelius,0.000207,boy
109451,1989,Owen,0.000207,boy
109452,1989,Deangelo,0.000205,boy
109453,1989,Alonzo,0.000203,boy
109454,1989,Leo,0.000203,boy
109455,1989,Pierre,0.000202,boy
109456,1989,Rickey,0.000202,boy
109457,1989,Zane,0.000201,boy
109458,1989,Conor,0.000201,boy
109459,1989,Darrin,0.0002,boy
109460,1989,Fred,0.000199,boy
109461,1989,Lonnie,0.000199,boy
109462,1989,Clint,0.000197,boy
109463,1989,Marlon,0.000196,boy
109464,1989,Vernon,0.000196,boy
109465,1989,Isiah,0.000195,boy
109466,1989,Kerry,0.000195,boy
109467,1989,Jaron,0.000194,boy
109468,1989,Lloyd,0.000194,boy
109469,1989,Myles,0.000194,boy
109470,1989,Roland,0.000193,boy
109471,1989,Dalton,0.000192,boy
109472,1989,Jayson,0.000192,boy
109473,1989,Kasey,0.000192,boy
109474,1989,Duane,0.000191,boy
109475,1989,Mike,0.000191,boy
109476,1989,Brice,0.00019,boy
109477,1989,Arsenio,0.00019,boy
109478,1989,Leonardo,0.00019,boy
109479,1989,Keenan,0.000189,boy
109480,1989,Rolando,0.000189,boy
109481,1989,Don,0.000188,boy
109482,1989,Rory,0.000188,boy
109483,1989,Sheldon,0.000187,boy
109484,1989,Cristian,0.000186,boy
109485,1989,Sterling,0.000186,boy
109486,1989,Davon,0.000183,boy
109487,1989,Ariel,0.000183,boy
109488,1989,Ali,0.000182,boy
109489,1989,Ashley,0.000179,boy
109490,1989,Carson,0.000179,boy
109491,1989,Infant,0.000179,boy
109492,1989,Kameron,0.000179,boy
109493,1989,Antwan,0.000179,boy
109494,1989,Ramiro,0.000179,boy
109495,1989,Lukas,0.000178,boy
109496,1989,Tracy,0.000177,boy
109497,1989,Tucker,0.000177,boy
109498,1989,Frankie,0.000176,boy
109499,1989,Rick,0.000175,boy
109500,1989,Tomas,0.000174,boy
109501,1989,Quinn,0.000173,boy
109502,1989,Freddy,0.000171,boy
109503,1989,Nathanael,0.000171,boy
109504,1989,Devan,0.000171,boy
109505,1989,Coty,0.00017,boy
109506,1989,Dana,0.00017,boy
109507,1989,Bradford,0.000169,boy
109508,1989,Darin,0.000168,boy
109509,1989,Ty,0.000168,boy
109510,1989,Efrain,0.000168,boy
109511,1989,Herbert,0.000168,boy
109512,1989,Nikolas,0.000167,boy
109513,1989,Milton,0.000166,boy
109514,1989,Johnnie,0.000166,boy
109515,1989,Jamel,0.000165,boy
109516,1989,Sidney,0.000165,boy
109517,1989,Braden,0.000164,boy
109518,1989,Dion,0.000163,boy
109519,1989,Clark,0.000162,boy
109520,1989,Alvaro,0.00016,boy
109521,1989,Demario,0.000159,boy
109522,1989,Dorian,0.000159,boy
109523,1989,Quincy,0.000159,boy
109524,1989,Lamont,0.000158,boy
109525,1989,Jerrod,0.000158,boy
109526,1989,Kristofer,0.000158,boy
109527,1989,Keegan,0.000157,boy
109528,1989,Moses,0.000157,boy
109529,1989,Chadwick,0.000157,boy
109530,1989,Bryson,0.000156,boy
109531,1989,Gerard,0.000156,boy
109532,1989,Leslie,0.000156,boy
109533,1989,Mackenzie,0.000156,boy
109534,1989,Salvatore,0.000155,boy
109535,1989,Garret,0.000155,boy
109536,1989,Noe,0.000155,boy
109537,1989,Robin,0.000155,boy
109538,1989,Wilson,0.000154,boy
109539,1989,Everett,0.000153,boy
109540,1989,Santiago,0.000153,boy
109541,1989,Cortez,0.000153,boy
109542,1989,Darrius,0.000151,boy
109543,1989,Markus,0.000151,boy
109544,1989,Ahmad,0.00015,boy
109545,1989,Nico,0.00015,boy
109546,1989,Brenden,0.000149,boy
109547,1989,Deshawn,0.000149,boy
109548,1989,Guy,0.000149,boy
109549,1989,Lester,0.000149,boy
109550,1989,Jimmie,0.000148,boy
109551,1989,Reid,0.000147,boy
109552,1989,Chandler,0.000144,boy
109553,1989,Deon,0.000144,boy
109554,1989,Alexande,0.000144,boy
109555,1989,Adan,0.000143,boy
109556,1989,Freddie,0.000143,boy
109557,1989,Raphael,0.000143,boy
109558,1989,Aron,0.000142,boy
109559,1989,Kareem,0.000142,boy
109560,1989,Rusty,0.000142,boy
109561,1989,Mauricio,0.000142,boy
109562,1989,Skylar,0.000141,boy
109563,1989,Thaddeus,0.000141,boy
109564,1989,Vicente,0.000141,boy
109565,1989,Herman,0.00014,boy
109566,1989,Carter,0.00014,boy
109567,1989,Floyd,0.000139,boy
109568,1989,Gene,0.000139,boy
109569,1989,Davis,0.000138,boy
109570,1989,Reynaldo,0.000138,boy
109571,1989,Loren,0.000138,boy
109572,1989,Sammy,0.000137,boy
109573,1989,Sonny,0.000137,boy
109574,1989,Arnold,0.000137,boy
109575,1989,Quintin,0.000137,boy
109576,1989,Arron,0.000137,boy
109577,1989,Dewayne,0.000137,boy
109578,1989,Nigel,0.000136,boy
109579,1989,Reuben,0.000136,boy
109580,1989,Jeff,0.000136,boy
109581,1989,Conrad,0.000134,boy
109582,1989,Humberto,0.000134,boy
109583,1989,Javon,0.000134,boy
109584,1989,Rico,0.000134,boy
109585,1989,Hakeem,0.000133,boy
109586,1989,Marcel,0.000133,boy
109587,1989,Marquise,0.000133,boy
109588,1989,Will,0.000133,boy
109589,1989,Jarod,0.000132,boy
109590,1989,Stewart,0.000131,boy
109591,1989,Donnie,0.00013,boy
109592,1989,Drake,0.000129,boy
109593,1989,Mitchel,0.000128,boy
109594,1989,Ted,0.000128,boy
109595,1989,Deonte,0.000128,boy
109596,1989,German,0.000128,boy
109597,1989,Harley,0.000127,boy
109598,1989,Irvin,0.000127,boy
109599,1989,Jackie,0.000127,boy
109600,1989,Lionel,0.000127,boy
109601,1989,Baby,0.000127,boy
109602,1989,Jace,0.000126,boy
109603,1989,Joaquin,0.000126,boy
109604,1989,Solomon,0.000126,boy
109605,1989,Leland,0.000126,boy
109606,1989,Ignacio,0.000125,boy
109607,1989,Jean,0.000125,boy
109608,1989,Spenser,0.000125,boy
109609,1989,Toby,0.000125,boy
109610,1989,Unknown,0.000125,boy
109611,1989,Vance,0.000125,boy
109612,1989,Jonah,0.000124,boy
109613,1989,Tyree,0.000124,boy
109614,1989,Garrick,0.000123,boy
109615,1989,Amir,0.000122,boy
109616,1989,Guadalupe,0.000122,boy
109617,1989,Colten,0.000122,boy
109618,1989,Myron,0.000122,boy
109619,1989,Rigoberto,0.000122,boy
109620,1989,Nestor,0.000121,boy
109621,1989,Jessica,0.000121,boy
109622,1989,Shayne,0.000121,boy
109623,1989,Winston,0.000121,boy
109624,1989,Agustin,0.00012,boy
109625,1989,Leonel,0.00012,boy
109626,1989,Lyle,0.00012,boy
109627,1989,Rodrigo,0.00012,boy
109628,1989,Bennett,0.000119,boy
109629,1989,Donnell,0.000119,boy
109630,1989,Dusty,0.000119,boy
109631,1989,Jakob,0.000119,boy
109632,1989,Kelsey,0.000119,boy
109633,1989,Nick,0.000119,boy
109634,1989,Griffin,0.000118,boy
109635,1989,Tory,0.000117,boy
109636,1989,Blair,0.000117,boy
109637,1989,Jamaal,0.000117,boy
109638,1989,Jamison,0.000117,boy
109639,1989,Mohammad,0.000117,boy
109640,1989,Randolph,0.000117,boy
109641,1989,Elvis,0.000116,boy
109642,1989,Jerrell,0.000115,boy
109643,1989,Jovan,0.000115,boy
109644,1989,Stephon,0.000115,boy
109645,1989,Addison,0.000115,boy
109646,1989,Hayden,0.000114,boy
109647,1989,Lane,0.000114,boy
109648,1989,Dan,0.000114,boy
109649,1989,Cecil,0.000113,boy
109650,1989,Bradly,0.000113,boy
109651,1989,Randal,0.000113,boy
109652,1989,Clyde,0.000112,boy
109653,1989,Erin,0.000111,boy
109654,1989,Greg,0.000111,boy
109655,1989,Westley,0.00011,boy
109656,1989,Jameson,0.00011,boy
109657,1989,Jasper,0.00011,boy
109658,1989,Kwame,0.00011,boy
109659,1989,Paris,0.00011,boy
109660,1989,Harvey,0.000109,boy
109661,1989,Kellen,0.000109,boy
109662,1989,Wendell,0.000109,boy
109663,1989,Rocky,0.000109,boy
109664,1989,Chester,0.000108,boy
109665,1989,Reed,0.000108,boy
109666,1989,Keaton,0.000107,boy
109667,1989,Rex,0.000107,boy
109668,1989,Ezekiel,0.000106,boy
109669,1989,Malik,0.000106,boy
109670,1989,Maximilian,0.000106,boy
109671,1989,Erich,0.000106,boy
109672,1989,Irving,0.000106,boy
109673,1989,Liam,0.000106,boy
109674,1989,Jody,0.000105,boy
109675,1989,Anton,0.000105,boy
109676,1989,Shea,0.000104,boy
109677,1989,Kristian,0.000104,boy
109678,1989,Brittany,0.000103,boy
109679,1989,Nathanial,0.000103,boy
109680,1989,Bo,0.000103,boy
109681,1989,Brooks,0.000102,boy
109682,1989,Bryon,0.000102,boy
109683,1989,Tylor,0.000102,boy
109684,1989,Josh,0.000102,boy
109685,1989,Benny,0.000101,boy
109686,1989,Antwon,0.0001,boy
109687,1989,Hugh,0.0001,boy
109688,1989,Aldo,0.0001,boy
109689,1989,Adolfo,9.9e-05,boy
109690,1989,Duncan,9.9e-05,boy
109691,1989,Cruz,9.9e-05,boy
109692,1989,Brandan,9.8e-05,boy
109693,1989,Jaren,9.8e-05,boy
109694,1989,Shelby,9.8e-05,boy
109695,1989,Issac,9.6e-05,boy
109696,1989,Estevan,9.5e-05,boy
109697,1989,Kyler,9.5e-05,boy
109698,1989,Mikel,9.5e-05,boy
109699,1989,Mohammed,9.4e-05,boy
109700,1989,Robbie,9.4e-05,boy
109701,1989,Kadeem,9.4e-05,boy
109702,1989,Kirby,9.4e-05,boy
109703,1989,Barrett,9.3e-05,boy
109704,1989,Sherman,9.3e-05,boy
109705,1989,Cristopher,9.3e-05,boy
109706,1989,Royce,9.3e-05,boy
109707,1989,Morris,9.2e-05,boy
109708,1989,Otis,9.2e-05,boy
109709,1989,Sylvester,9.2e-05,boy
109710,1989,Tobias,9.2e-05,boy
109711,1989,Alton,9.2e-05,boy
109712,1989,Jim,9.2e-05,boy
109713,1989,Darrel,9.1e-05,boy
109714,1989,Conner,9.1e-05,boy
109715,1989,Darian,9.1e-05,boy
109716,1989,Luther,9.1e-05,boy
109717,1989,Aubrey,9e-05,boy
109718,1989,Damion,9e-05,boy
109719,1989,Ryne,9e-05,boy
109720,1989,Ezra,9e-05,boy
109721,1989,Garry,9e-05,boy
109722,1989,Dereck,8.9e-05,boy
109723,1989,Ahmed,8.9e-05,boy
109724,1989,Heriberto,8.9e-05,boy
109725,1989,Jefferson,8.9e-05,boy
109726,1989,Houston,8.8e-05,boy
109727,1989,Tom,8.8e-05,boy
109728,1989,Osvaldo,8.8e-05,boy
109729,1989,Ron,8.8e-05,boy
109730,1989,Scotty,8.8e-05,boy
109731,1989,Asa,8.7e-05,boy
109732,1989,Hans,8.7e-05,boy
109733,1989,Rudolph,8.7e-05,boy
109734,1989,Mickey,8.6e-05,boy
109735,1989,Moshe,8.6e-05,boy
109736,1989,Bernardo,8.6e-05,boy
109737,1989,Dandre,8.6e-05,boy
109738,1989,Pete,8.6e-05,boy
109739,1989,Rodrick,8.6e-05,boy
109740,1989,Bronson,8.5e-05,boy
109741,1989,Dominque,8.5e-05,boy
109742,1989,Austen,8.4e-05,boy
109743,1989,Cullen,8.4e-05,boy
109744,1989,Ulysses,8.4e-05,boy
109745,1989,Mychal,8.4e-05,boy
109746,1989,Amos,8.4e-05,boy
109747,1989,Aric,8.4e-05,boy
109748,1989,Jess,8.3e-05,boy
109749,1989,Cooper,8.3e-05,boy
109750,1989,Ellis,8.3e-05,boy
109751,1989,Cary,8.2e-05,boy
109752,1989,Fidel,8.2e-05,boy
109753,1989,Santos,8.2e-05,boy
109754,1989,Gage,8.2e-05,boy
109755,1989,Claude,8.1e-05,boy
109756,1989,Donavan,8.1e-05,boy
109757,1989,Grayson,8.1e-05,boy
109758,1989,Jerad,8.1e-05,boy
109759,1989,Cedrick,8.1e-05,boy
109760,1989,Earnest,8.1e-05,boy
109761,1989,Grady,8.1e-05,boy
109762,1989,Jamil,8.1e-05,boy
109763,1989,Marty,8e-05,boy
109764,1989,Octavio,8e-05,boy
109765,1989,Vaughn,8e-05,boy
109766,1989,Brandyn,8e-05,boy
109767,1989,Colt,8e-05,boy
109768,1989,Cordell,8e-05,boy
109769,1989,Elmer,7.9e-05,boy
109770,1989,Jerel,7.9e-05,boy
109771,1989,Willis,7.9e-05,boy
109772,1989,Brant,7.9e-05,boy
109773,1989,Jerald,7.8e-05,boy
109774,1989,Teddy,7.8e-05,boy
109775,1989,Trever,7.8e-05,boy
109776,1989,Wilfredo,7.8e-05,boy
109777,1989,Derik,7.8e-05,boy
109778,1989,Rashawn,7.8e-05,boy
109779,1989,Dashawn,7.7e-05,boy
109780,1989,Galen,7.7e-05,boy
109781,1989,Rhett,7.7e-05,boy
109782,1989,Wallace,7.7e-05,boy
109783,1989,Justen,7.6e-05,boy
109784,1989,Roosevelt,7.6e-05,boy
109785,1989,Edmund,7.6e-05,boy
109786,1989,Ira,7.5e-05,boy
109787,1989,Khiry,7.5e-05,boy
109788,1989,Cyrus,7.5e-05,boy
109789,1989,Deven,7.5e-05,boy
109790,1989,Gonzalo,7.5e-05,boy
109791,1989,Jarrell,7.5e-05,boy
109792,1989,Jonas,7.5e-05,boy
109793,1989,Marques,7.5e-05,boy
109794,1989,Dontae,7.4e-05,boy
109795,1989,Josef,7.4e-05,boy
109796,1989,Raheem,7.4e-05,boy
109797,1989,Uriel,7.4e-05,boy
109798,1989,Braxton,7.4e-05,boy
109799,1989,Jairo,7.4e-05,boy
109800,1989,Keon,7.4e-05,boy
109801,1989,Stacy,7.4e-05,boy
109802,1989,Dangelo,7.3e-05,boy
109803,1989,August,7.3e-05,boy
109804,1989,Ervin,7.3e-05,boy
109805,1989,Zechariah,7.3e-05,boy
109806,1989,Jaquan,7.2e-05,boy
109807,1989,Jasmine,7.2e-05,boy
109808,1989,Kenton,7.2e-05,boy
109809,1989,Alphonso,7.1e-05,boy
109810,1989,Marion,7.1e-05,boy
109811,1989,Shelton,7.1e-05,boy
109812,1989,Benito,7.1e-05,boy
109813,1989,Darwin,7.1e-05,boy
109814,1989,Bennie,7e-05,boy
109815,1989,Carlo,7e-05,boy
109816,1989,Darien,7e-05,boy
109817,1989,Gino,7e-05,boy
109818,1989,Darrick,7e-05,boy
109819,1989,Holden,7e-05,boy
109820,1989,Jennifer,7e-05,boy
109821,1989,Martez,7e-05,boy
109822,1989,Sarah,7e-05,boy
109823,1989,Virgil,7e-05,boy
109824,1989,Brody,6.9e-05,boy
109825,1989,Coleman,6.9e-05,boy
109826,1989,Jerod,6.9e-05,boy
109827,1989,Laurence,6.9e-05,boy
109828,1989,Titus,6.9e-05,boy
109829,1989,Chaim,6.9e-05,boy
109830,1989,Cortney,6.9e-05,boy
109831,1989,Daquan,6.9e-05,boy
109832,1989,Isaias,6.9e-05,boy
109833,1989,Justine,6.9e-05,boy
109834,1989,Pierce,6.9e-05,boy
109835,1989,Carey,6.8e-05,boy
109836,1989,Stephanie,6.8e-05,boy
109837,1989,Antione,6.8e-05,boy
109838,1989,Cordero,6.8e-05,boy
109839,1989,Cornell,6.8e-05,boy
109840,1989,Remington,6.8e-05,boy
109841,1989,Robby,6.8e-05,boy
109842,1989,Rocco,6.8e-05,boy
109843,1989,Federico,6.7e-05,boy
109844,1989,Hassan,6.7e-05,boy
109845,1989,Junior,6.7e-05,boy
109846,1989,Niko,6.7e-05,boy
109847,1989,Antony,6.7e-05,boy
109848,1989,Kai,6.7e-05,boy
109849,1989,Reece,6.7e-05,boy
109850,1989,Camron,6.6e-05,boy
109851,1989,Elizabeth,6.6e-05,boy
109852,1989,Tyron,6.6e-05,boy
109853,1989,Van,6.6e-05,boy
109854,1989,Daren,6.6e-05,boy
109855,1989,Jeramy,6.6e-05,boy
109856,1989,Mohamed,6.6e-05,boy
109857,1989,Andreas,6.5e-05,boy
109858,1989,Broderick,6.5e-05,boy
109859,1989,Ken,6.5e-05,boy
109860,1989,Tommie,6.5e-05,boy
109861,1989,Edgardo,6.5e-05,boy
109862,1989,Isidro,6.5e-05,boy
109863,1989,Brennen,6.4e-05,boy
109864,1989,Jacques,6.4e-05,boy
109865,1989,Jered,6.4e-05,boy
109866,1989,Mack,6.4e-05,boy
109867,1989,Amanda,6.4e-05,boy
109868,1989,Dario,6.4e-05,boy
109869,1989,Lauren,6.4e-05,boy
109870,1989,Prince,6.4e-05,boy
109871,1989,Ulises,6.4e-05,boy
109872,1989,Domingo,6.3e-05,boy
109873,1989,Gregorio,6.3e-05,boy
109874,1989,Dejuan,6.3e-05,boy
109875,1989,Marquez,6.3e-05,boy
109876,1989,Britton,6.3e-05,boy
109877,1989,Chauncey,6.3e-05,boy
109878,1989,Deron,6.3e-05,boy
109879,1989,Emmett,6.3e-05,boy
109880,1989,Gregg,6.3e-05,boy
109881,1989,Reese,6.3e-05,boy
109882,1989,Tyrel,6.3e-05,boy
109883,1989,Andrea,6.2e-05,boy
109884,1989,Eddy,6.2e-05,boy
109885,1989,Bill,6.2e-05,boy
109886,1989,Donta,6.2e-05,boy
109887,1989,Madison,6.2e-05,boy
109888,1989,Timmy,6.2e-05,boy
109889,1989,Christina,6.1e-05,boy
109890,1989,Derrek,6.1e-05,boy
109891,1989,Derrell,6.1e-05,boy
109892,1989,Jermey,6.1e-05,boy
109893,1989,Lyndon,6.1e-05,boy
109894,1989,Michel,6.1e-05,boy
109895,1989,Stevie,6.1e-05,boy
109896,1989,Walker,6.1e-05,boy
109897,1989,Abram,6.1e-05,boy
109898,1989,Dave,6.1e-05,boy
109899,1989,Jabari,6.1e-05,boy
109900,1989,Kegan,6.1e-05,boy
109901,1989,Kendell,6.1e-05,boy
109902,1989,Codey,6e-05,boy
109903,1989,Demarco,6e-05,boy
109904,1989,Rakeem,6e-05,boy
109905,1989,Stacey,6e-05,boy
109906,1989,Alonso,6e-05,boy
109907,1989,Daron,6e-05,boy
109908,1989,Jed,6e-05,boy
109909,1989,Torrey,6e-05,boy
109910,1989,Cassidy,5.9e-05,boy
109911,1989,Efren,5.9e-05,boy
109912,1989,Jessy,5.9e-05,boy
109913,1989,Joesph,5.9e-05,boy
109914,1989,Montrell,5.9e-05,boy
109915,1989,Raymundo,5.9e-05,boy
109916,1989,Shay,5.9e-05,boy
109917,1989,Ari,5.8e-05,boy
109918,1989,Eliseo,5.8e-05,boy
109919,1989,Jory,5.8e-05,boy
109920,1989,Nikko,5.8e-05,boy
109921,1989,Travon,5.8e-05,boy
109922,1989,Dionte,5.8e-05,boy
109923,1989,Laron,5.8e-05,boy
109924,1989,Lincoln,5.8e-05,boy
109925,1989,Samantha,5.8e-05,boy
109926,1989,Cale,5.7e-05,boy
109927,1989,Deric,5.7e-05,boy
109928,1989,Jedidiah,5.7e-05,boy
109929,1989,Jeromy,5.7e-05,boy
109930,1989,Uriah,5.7e-05,boy
109931,1989,Darion,5.7e-05,boy
109932,1989,Davin,5.7e-05,boy
109933,1989,Jade,5.7e-05,boy
109934,1989,Kolby,5.7e-05,boy
109935,1989,Valentin,5.7e-05,boy
109936,1989,Denny,5.6e-05,boy
109937,1989,Silas,5.6e-05,boy
109938,1989,Waylon,5.6e-05,boy
109939,1989,Brandin,5.6e-05,boy
109940,1989,Danielle,5.6e-05,boy
109941,1989,Jacoby,5.6e-05,boy
109942,1989,Kelby,5.6e-05,boy
109943,1989,Kendal,5.6e-05,boy
109944,1989,Louie,5.6e-05,boy
109945,1989,Rashaad,5.6e-05,boy
109946,1989,Jamarcus,5.5e-05,boy
109947,1989,Theron,5.5e-05,boy
109948,1989,Brandt,5.5e-05,boy
109949,1989,Denis,5.5e-05,boy
109950,1989,Elvin,5.5e-05,boy
109951,1989,Ezequiel,5.5e-05,boy
109952,1989,Marlin,5.5e-05,boy
109953,1989,Axel,5.4e-05,boy
109954,1989,Horace,5.4e-05,boy
109955,1989,Kiara,5.4e-05,boy
109956,1989,Malachi,5.4e-05,boy
109957,1989,Quinten,5.4e-05,boy
109958,1989,Tiffany,5.4e-05,boy
109959,1989,Khalil,5.4e-05,boy
109960,1989,Anderson,5.3e-05,boy
109961,1989,Cade,5.3e-05,boy
109962,1989,Erwin,5.3e-05,boy
109963,1989,Najee,5.3e-05,boy
109964,1989,Schuyler,5.3e-05,boy
109965,1989,Willard,5.3e-05,boy
109966,1989,Channing,5.3e-05,boy
109967,1989,Edmond,5.3e-05,boy
109968,1989,Edwardo,5.3e-05,boy
109969,1989,Emerson,5.3e-05,boy
109970,1989,Ladarius,5.3e-05,boy
109971,1989,Maria,5.3e-05,boy
109972,1989,Simeon,5.3e-05,boy
109973,1989,Vince,5.3e-05,boy
109974,1989,Cleveland,5.3e-05,boy
109975,1989,Darron,5.3e-05,boy
109976,1989,Francesco,5.3e-05,boy
109977,1989,Coby,5.2e-05,boy
109978,1989,Garrison,5.2e-05,boy
109979,1989,Armand,5.2e-05,boy
109980,1989,Stetson,5.2e-05,boy
109981,1989,Tad,5.2e-05,boy
109982,1989,Yosef,5.2e-05,boy
109983,1989,Cristobal,5.1e-05,boy
109984,1989,Jeremey,5.1e-05,boy
109985,1989,Kalvin,5.1e-05,boy
109986,1989,Keven,5.1e-05,boy
109987,1989,Malcom,5.1e-05,boy
109988,1989,Nicole,5.1e-05,boy
109989,1989,Peyton,5.1e-05,boy
109990,1989,Trevon,5.1e-05,boy
109991,1989,Dimitri,5.1e-05,boy
109992,1989,Dirk,5.1e-05,boy
109993,1989,Jeremie,5.1e-05,boy
109994,1989,Joshuah,5.1e-05,boy
109995,1989,Rachel,5.1e-05,boy
109996,1989,Brain,5e-05,boy
109997,1989,Chadd,5e-05,boy
109998,1989,Martell,5e-05,boy
109999,1989,Ridge,5e-05,boy
229000,1980,Jennifer,0.032811,girl
229001,1980,Amanda,0.020132,girl
229002,1980,Jessica,0.019064,girl
229003,1980,Melissa,0.017776,girl
229004,1980,Sarah,0.014464,girl
229005,1980,Heather,0.011223,girl
229006,1980,Nicole,0.011189,girl
229007,1980,Amy,0.011148,girl
229008,1980,Elizabeth,0.010972,girl
229009,1980,Michelle,0.010743,girl
229010,1980,Kimberly,0.010396,girl
229011,1980,Angela,0.010096,girl
229012,1980,Stephanie,0.010025,girl
229013,1980,Tiffany,0.00912,girl
229014,1980,Christina,0.009066,girl
229015,1980,Lisa,0.008799,girl
229016,1980,Rebecca,0.008587,girl
229017,1980,Crystal,0.008012,girl
229018,1980,Kelly,0.007707,girl
229019,1980,Erin,0.007549,girl
229020,1980,Laura,0.007257,girl
229021,1980,Amber,0.007053,girl
229022,1980,Rachel,0.00653,girl
229023,1980,Jamie,0.006478,girl
229024,1980,April,0.006447,girl
229025,1980,Mary,0.006446,girl
229026,1980,Sara,0.006267,girl
229027,1980,Andrea,0.005872,girl
229028,1980,Shannon,0.005431,girl
229029,1980,Megan,0.005132,girl
229030,1980,Emily,0.005058,girl
229031,1980,Julie,0.005004,girl
229032,1980,Danielle,0.004968,girl
229033,1980,Erica,0.004922,girl
229034,1980,Katherine,0.004501,girl
229035,1980,Maria,0.004413,girl
229036,1980,Kristin,0.004328,girl
229037,1980,Lauren,0.0042,girl
229038,1980,Kristen,0.004113,girl
229039,1980,Ashley,0.004098,girl
229040,1980,Christine,0.00398,girl
229041,1980,Brandy,0.003601,girl
229042,1980,Tara,0.00353,girl
229043,1980,Katie,0.003446,girl
229044,1980,Monica,0.003388,girl
229045,1980,Carrie,0.003239,girl
229046,1980,Alicia,0.003233,girl
229047,1980,Courtney,0.003157,girl
229048,1980,Misty,0.003115,girl
229049,1980,Kathryn,0.003106,girl
229050,1980,Patricia,0.002984,girl
229051,1980,Holly,0.002968,girl
229052,1980,Stacy,0.002843,girl
229053,1980,Karen,0.00284,girl
229054,1980,Anna,0.002823,girl
229055,1980,Tracy,0.002792,girl
229056,1980,Brooke,0.002784,girl
229057,1980,Samantha,0.002763,girl
229058,1980,Allison,0.002734,girl
229059,1980,Melanie,0.002722,girl
229060,1980,Leslie,0.002681,girl
229061,1980,Brandi,0.002645,girl
229062,1980,Cynthia,0.00264,girl
229063,1980,Susan,0.002637,girl
229064,1980,Natalie,0.002609,girl
229065,1980,Jill,0.00256,girl
229066,1980,Dawn,0.002518,girl
229067,1980,Dana,0.002495,girl
229068,1980,Vanessa,0.002487,girl
229069,1980,Veronica,0.002456,girl
229070,1980,Lindsay,0.002446,girl
229071,1980,Tina,0.002391,girl
229072,1980,Kristina,0.002374,girl
229073,1980,Stacey,0.002373,girl
229074,1980,Wendy,0.002328,girl
229075,1980,Lori,0.002295,girl
229076,1980,Catherine,0.002292,girl
229077,1980,Kristy,0.002282,girl
229078,1980,Heidi,0.002263,girl
229079,1980,Sandra,0.002244,girl
229080,1980,Jacqueline,0.002179,girl
229081,1980,Kathleen,0.002168,girl
229082,1980,Christy,0.002064,girl
229083,1980,Leah,0.002042,girl
229084,1980,Valerie,0.002031,girl
229085,1980,Pamela,0.001983,girl
229086,1980,Erika,0.001973,girl
229087,1980,Tanya,0.001931,girl
229088,1980,Natasha,0.001924,girl
229089,1980,Katrina,0.001909,girl
229090,1980,Lindsey,0.001902,girl
229091,1980,Melinda,0.001799,girl
229092,1980,Monique,0.001776,girl
229093,1980,Denise,0.00177,girl
229094,1980,Teresa,0.001766,girl
229095,1980,Tammy,0.001763,girl
229096,1980,Tonya,0.00173,girl
229097,1980,Julia,0.001723,girl
229098,1980,Candice,0.001691,girl
229099,1980,Gina,0.001678,girl
229100,1980,Alison,0.001673,girl
229101,1980,Nichole,0.001651,girl
229102,1980,Theresa,0.001644,girl
229103,1980,Victoria,0.001643,girl
229104,1980,Margaret,0.001605,girl
229105,1980,Beth,0.001601,girl
229106,1980,Renee,0.001598,girl
229107,1980,Tamara,0.00158,girl
229108,1980,Linda,0.001577,girl
229109,1980,Robin,0.001576,girl
229110,1980,Nancy,0.001575,girl
229111,1980,Anne,0.001561,girl
229112,1980,Sabrina,0.00156,girl
229113,1980,Meghan,0.001511,girl
229114,1980,Brenda,0.001486,girl
229115,1980,Jenny,0.001486,girl
229116,1980,Jaime,0.001485,girl
229117,1980,Diana,0.001469,girl
229118,1980,Cheryl,0.001466,girl
229119,1980,Barbara,0.001446,girl
229120,1980,Krista,0.001422,girl
229121,1980,Kristi,0.001419,girl
229122,1980,Latoya,0.001406,girl
229123,1980,Bethany,0.001402,girl
229124,1980,Michele,0.001399,girl
229125,1980,Kelli,0.001397,girl
229126,1980,Kara,0.001374,girl
229127,1980,Miranda,0.001358,girl
229128,1980,Sharon,0.001338,girl
229129,1980,Tasha,0.001274,girl
229130,1980,Mindy,0.001271,girl
229131,1980,Mandy,0.001253,girl
229132,1980,Molly,0.001235,girl
229133,1980,Candace,0.001228,girl
229134,1980,Casey,0.00122,girl
229135,1980,Ann,0.001219,girl
229136,1980,Colleen,0.001194,girl
229137,1980,Cassandra,0.001185,girl
229138,1980,Suzanne,0.001183,girl
229139,1980,Meredith,0.001164,girl
229140,1980,Latasha,0.001157,girl
229141,1980,Rachael,0.001152,girl
229142,1980,Regina,0.001147,girl
229143,1980,Donna,0.00113,girl
229144,1980,Marie,0.001092,girl
229145,1980,Deborah,0.001088,girl
229146,1980,Carolyn,0.001084,girl
229147,1980,Nina,0.00106,girl
229148,1980,Deanna,0.001049,girl
229149,1980,Cindy,0.001048,girl
229150,1980,Alisha,0.001042,girl
229151,1980,Bridget,0.001029,girl
229152,1980,Carla,0.001028,girl
229153,1980,Kendra,0.001019,girl
229154,1980,Desiree,0.001006,girl
229155,1980,Tabitha,0.001005,girl
229156,1980,Yolanda,0.000995,girl
229157,1980,Kari,0.000994,girl
229158,1980,Summer,0.000986,girl
229159,1980,Virginia,0.000974,girl
229160,1980,Rebekah,0.000973,girl
229161,1980,Trisha,0.000973,girl
229162,1980,Joanna,0.00097,girl
229163,1980,Felicia,0.000968,girl
229164,1980,Joy,0.000964,girl
229165,1980,Bonnie,0.000962,girl
229166,1980,Jodi,0.000954,girl
229167,1980,Jaclyn,0.000951,girl
229168,1980,Angel,0.000951,girl
229169,1980,Adrienne,0.000938,girl
229170,1980,Jillian,0.000926,girl
229171,1980,Janet,0.000904,girl
229172,1980,Paula,0.000898,girl
229173,1980,Aimee,0.000892,girl
229174,1980,Ebony,0.000888,girl
229175,1980,Abigail,0.000885,girl
229176,1980,Debra,0.000874,girl
229177,1980,Martha,0.000872,girl
229178,1980,Rhonda,0.000862,girl
229179,1980,Autumn,0.00086,girl
229180,1980,Shanna,0.000854,girl
229181,1980,Robyn,0.000844,girl
229182,1980,Carmen,0.00082,girl
229183,1980,Toni,0.000817,girl
229184,1980,Angelica,0.000816,girl
229185,1980,Shelly,0.000816,girl
229186,1980,Priscilla,0.000806,girl
229187,1980,Shawna,0.000805,girl
229188,1980,Kristine,0.0008,girl
229189,1980,Sherry,0.00079,girl
229190,1980,Brittany,0.00079,girl
229191,1980,Marissa,0.000789,girl
229192,1980,Claudia,0.000785,girl
229193,1980,Janelle,0.000784,girl
229194,1980,Laurie,0.000753,girl
229195,1980,Stefanie,0.000748,girl
229196,1980,Ana,0.000744,girl
229197,1980,Kate,0.000744,girl
229198,1980,Melody,0.000739,girl
229199,1980,Caroline,0.000735,girl
229200,1980,Diane,0.000723,girl
229201,1980,Tamika,0.000719,girl
229202,1980,Cara,0.000717,girl
229203,1980,Alexis,0.000712,girl
229204,1980,Rosa,0.000712,girl
229205,1980,Kellie,0.000708,girl
229206,1980,Tracey,0.000705,girl
229207,1980,Ruth,0.000704,girl
229208,1980,Sonia,0.000703,girl
229209,1980,Naomi,0.000702,girl
229210,1980,Cristina,0.000699,girl
229211,1980,Audrey,0.000685,girl
229212,1980,Hannah,0.000684,girl
229213,1980,Sheila,0.000684,girl
229214,1980,Sonya,0.000677,girl
229215,1980,Jasmine,0.000668,girl
229216,1980,Alyssa,0.000662,girl
229217,1980,Leigh,0.000661,girl
229218,1980,Whitney,0.000657,girl
229219,1980,Krystal,0.000654,girl
229220,1980,Yvonne,0.00065,girl
229221,1980,Stacie,0.000649,girl
229222,1980,Anita,0.000647,girl
229223,1980,Shauna,0.000641,girl
229224,1980,Shelley,0.000636,girl
229225,1980,Traci,0.000636,girl
229226,1980,Rose,0.000633,girl
229227,1980,Kerri,0.000629,girl
229228,1980,Tia,0.000627,girl
229229,1980,Christie,0.000626,girl
229230,1980,Olivia,0.000626,girl
229231,1980,Carol,0.000622,girl
229232,1980,Adriana,0.000615,girl
229233,1980,Brianne,0.000612,girl
229234,1980,Kelley,0.000609,girl
229235,1980,Marisa,0.000609,girl
229236,1980,Kristie,0.000609,girl
229237,1980,Gloria,0.000603,girl
229238,1980,Jenna,0.000603,girl
229239,1980,Leticia,0.000601,girl
229240,1980,Charlene,0.0006,girl
229241,1980,Terri,0.000598,girl
229242,1980,Charity,0.000596,girl
229243,1980,Morgan,0.000595,girl
229244,1980,Latisha,0.000594,girl
229245,1980,Nikki,0.000589,girl
229246,1980,Jana,0.000588,girl
229247,1980,Angie,0.000586,girl
229248,1980,Jacquelyn,0.000582,girl
229249,1980,Jeanette,0.000577,girl
229250,1980,Karla,0.000576,girl
229251,1980,Christa,0.000574,girl
229252,1980,Lynn,0.000571,girl
229253,1980,Becky,0.000568,girl
229254,1980,Kathy,0.000567,girl
229255,1980,Tricia,0.000566,girl
229256,1980,Janice,0.000563,girl
229257,1980,Annie,0.000562,girl
229258,1980,Kerry,0.000562,girl
229259,1980,Ellen,0.000557,girl
229260,1980,Amie,0.000551,girl
229261,1980,Keri,0.000551,girl
229262,1980,Annette,0.000546,girl
229263,1980,Sylvia,0.000538,girl
229264,1980,Rachelle,0.000533,girl
229265,1980,Alissa,0.000531,girl
229266,1980,Frances,0.000527,girl
229267,1980,Lesley,0.000523,girl
229268,1980,Abby,0.000522,girl
229269,1980,Bobbie,0.000518,girl
229270,1980,Gretchen,0.000515,girl
229271,1980,Shana,0.000514,girl
229272,1980,Lakisha,0.000513,girl
229273,1980,Jami,0.00051,girl
229274,1980,Helen,0.00051,girl
229275,1980,Latonya,0.000506,girl
229276,1980,Lacey,0.000504,girl
229277,1980,Dorothy,0.000503,girl
229278,1980,Keisha,0.000496,girl
229279,1980,Maureen,0.000495,girl
229280,1980,Jennie,0.000491,girl
229281,1980,Yvette,0.000491,girl
229282,1980,Mayra,0.00049,girl
229283,1980,Roxanne,0.000489,girl
229284,1980,Alexandra,0.000488,girl
229285,1980,Johanna,0.000486,girl
229286,1980,Lydia,0.000484,girl
229287,1980,Evelyn,0.000482,girl
229288,1980,Sandy,0.000481,girl
229289,1980,Sherri,0.00048,girl
229290,1980,Charlotte,0.000477,girl
229291,1980,Jody,0.000477,girl
229292,1980,Irene,0.000476,girl
229293,1980,Tameka,0.000473,girl
229294,1980,Chasity,0.000472,girl
229295,1980,Connie,0.00047,girl
229296,1980,Esther,0.00047,girl
229297,1980,Eva,0.00047,girl
229298,1980,Hillary,0.000469,girl
229299,1980,Rita,0.000469,girl
229300,1980,Raquel,0.000467,girl
229301,1980,Lorena,0.00046,girl
229302,1980,Jessie,0.000456,girl
229303,1980,Juanita,0.000455,girl
229304,1980,Faith,0.000452,girl
229305,1980,Billie,0.00045,girl
229306,1980,Brandie,0.000449,girl
229307,1980,Angelina,0.000447,girl
229308,1980,Hope,0.000439,girl
229309,1980,Staci,0.000438,girl
229310,1980,Miriam,0.000437,girl
229311,1980,Jane,0.000435,girl
229312,1980,Elaine,0.000433,girl
229313,1980,Amelia,0.000432,girl
229314,1980,Cassie,0.000432,girl
229315,1980,Maribel,0.00043,girl
229316,1980,Jocelyn,0.000427,girl
229317,1980,Norma,0.000426,girl
229318,1980,Joni,0.000425,girl
229319,1980,Grace,0.000424,girl
229320,1980,Rochelle,0.000424,girl
229321,1980,Carly,0.000423,girl
229322,1980,Elisabeth,0.000422,girl
229323,1980,Ginger,0.000421,girl
229324,1980,Tanisha,0.000421,girl
229325,1980,Hilary,0.000417,girl
229326,1980,Sally,0.000415,girl
229327,1980,Alice,0.000414,girl
229328,1980,Meagan,0.000411,girl
229329,1980,Joyce,0.00041,girl
229330,1980,Lakeisha,0.000409,girl
229331,1980,Carissa,0.000408,girl
229332,1980,Jenifer,0.000407,girl
229333,1980,Devon,0.000405,girl
229334,1980,Beverly,0.000405,girl
229335,1980,Renata,0.000405,girl
229336,1980,Jolene,0.000404,girl
229337,1980,Randi,0.000401,girl
229338,1980,Elisa,0.0004,girl
229339,1980,Tabatha,0.0004,girl
229340,1980,Sheri,0.000398,girl
229341,1980,Brianna,0.000397,girl
229342,1980,Kirsten,0.000395,girl
229343,1980,Joanne,0.000394,girl
229344,1980,Tracie,0.000386,girl
229345,1980,Leanne,0.000384,girl
229346,1980,Belinda,0.000383,girl
229347,1980,Jean,0.000383,girl
229348,1980,Jackie,0.000382,girl
229349,1980,Mia,0.000382,girl
229350,1980,Karina,0.000379,girl
229351,1980,Chrystal,0.000377,girl
229352,1980,Ericka,0.000377,girl
229353,1980,Camille,0.000375,girl
229354,1980,Bobbi,0.000374,girl
229355,1980,Corinne,0.000373,girl
229356,1980,Ruby,0.000371,girl
229357,1980,Alma,0.00037,girl
229358,1980,Betty,0.00037,girl
229359,1980,Marisol,0.000369,girl
229360,1980,Cecilia,0.000368,girl
229361,1980,Kasey,0.000368,girl
229362,1980,Darlene,0.000366,girl
229363,1980,Lee,0.000366,girl
229364,1980,Caitlin,0.000363,girl
229365,1980,Sophia,0.00036,girl
229366,1980,Patrice,0.000359,girl
229367,1980,Alana,0.000357,girl
229368,1980,Sasha,0.000355,girl
229369,1980,Bianca,0.000354,girl
229370,1980,Elena,0.000354,girl
229371,1980,Serena,0.000353,girl
229372,1980,Elisha,0.00035,girl
229373,1980,Aisha,0.000348,girl
229374,1980,Alisa,0.000348,girl
229375,1980,Jodie,0.000347,girl
229376,1980,Eileen,0.000345,girl
229377,1980,Gabriela,0.000339,girl
229378,1980,Terra,0.000339,girl
229379,1980,Christi,0.000338,girl
229380,1980,Ryan,0.000338,girl
229381,1980,Kim,0.000338,girl
229382,1980,Shirley,0.000338,girl
229383,1980,Briana,0.000337,girl
229384,1980,Hollie,0.000336,girl
229385,1980,Joann,0.000336,girl
229386,1980,Trina,0.000336,girl
229387,1980,Judith,0.000334,girl
229388,1980,Antoinette,0.000332,girl
229389,1980,Guadalupe,0.000332,girl
229390,1980,Lakesha,0.000328,girl
229391,1980,Celeste,0.000328,girl
229392,1980,Marilyn,0.000325,girl
229393,1980,Lara,0.000324,girl
229394,1980,Rosemary,0.000323,girl
229395,1980,Marsha,0.000322,girl
229396,1980,Chandra,0.000322,girl
229397,1980,Katharine,0.00032,girl
229398,1980,Kimberley,0.00032,girl
229399,1980,Cathy,0.000319,girl
229400,1980,Gabrielle,0.000319,girl
229401,1980,Nora,0.000319,girl
229402,1980,Allyson,0.000319,girl
229403,1980,Claire,0.000318,girl
229404,1980,Melisa,0.000318,girl
229405,1980,Lacy,0.000316,girl
229406,1980,Penny,0.000311,girl
229407,1980,Judy,0.000309,girl
229408,1980,Michael,0.000306,girl
229409,1980,Nadia,0.000306,girl
229410,1980,Mandi,0.000305,girl
229411,1980,Chelsea,0.000303,girl
229412,1980,Betsy,0.000302,girl
229413,1980,Marcia,0.000301,girl
229414,1980,Lora,0.000301,girl
229415,1980,Dena,0.000298,girl
229416,1980,Emma,0.000298,girl
229417,1980,Daisy,0.000296,girl
229418,1980,Tami,0.000295,girl
229419,1980,Kenya,0.000292,girl
229420,1980,Esmeralda,0.000291,girl
229421,1980,Audra,0.000289,girl
229422,1980,Christin,0.000289,girl
229423,1980,Genevieve,0.000287,girl
229424,1980,Lillian,0.000286,girl
229425,1980,Yesenia,0.000286,girl
229426,1980,Janine,0.000284,girl
229427,1980,Iris,0.000283,girl
229428,1980,Katy,0.000283,girl
229429,1980,Josephine,0.000282,girl
229430,1980,Lorraine,0.000281,girl
229431,1980,Tania,0.000281,girl
229432,1980,Teri,0.000281,girl
229433,1980,Lena,0.00028,girl
229434,1980,Isabel,0.000278,girl
229435,1980,Blanca,0.000278,girl
229436,1980,Jayme,0.000277,girl
229437,1980,Debbie,0.000275,girl
229438,1980,Haley,0.000275,girl
229439,1980,Peggy,0.000275,girl
229440,1980,Gwendolyn,0.000273,girl
229441,1980,Roberta,0.000272,girl
229442,1980,Leann,0.000272,girl
229443,1980,Shelby,0.00027,girl
229444,1980,Aubrey,0.000269,girl
229445,1980,Christen,0.000269,girl
229446,1980,Wanda,0.000269,girl
229447,1980,Laurel,0.000269,girl
229448,1980,Alyson,0.000268,girl
229449,1980,Jeannie,0.000267,girl
229450,1980,Paige,0.000267,girl
229451,1980,Jeannette,0.000266,girl
229452,1980,Lashonda,0.000266,girl
229453,1980,Marcie,0.000266,girl
229454,1980,Tiffanie,0.000265,girl
229455,1980,Cherie,0.000263,girl
229456,1980,Alejandra,0.00026,girl
229457,1980,Lea,0.00026,girl
229458,1980,Cortney,0.00026,girl
229459,1980,Marcy,0.000259,girl
229460,1980,Angelique,0.000258,girl
229461,1980,Liza,0.000258,girl
229462,1980,Darcy,0.000257,girl
229463,1980,Maggie,0.000257,girl
229464,1980,Margarita,0.000257,girl
229465,1980,Lana,0.000256,girl
229466,1980,Brittney,0.000255,girl
229467,1980,Catrina,0.000255,girl
229468,1980,Carolina,0.000254,girl
229469,1980,Shameka,0.000254,girl
229470,1980,Selena,0.000254,girl
229471,1980,Tiffani,0.000252,girl
229472,1980,Misti,0.000251,girl
229473,1980,Noelle,0.000251,girl
229474,1980,Marci,0.00025,girl
229475,1980,Cheri,0.00025,girl
229476,1980,Destiny,0.000247,girl
229477,1980,Marlene,0.000247,girl
229478,1980,Shayla,0.000247,girl
229479,1980,Candy,0.000246,girl
229480,1980,Ashlee,0.000245,girl
229481,1980,Bridgette,0.000245,girl
229482,1980,Bernadette,0.000245,girl
229483,1980,Lucy,0.000244,girl
229484,1980,Lynette,0.000243,girl
229485,1980,Dara,0.000242,girl
229486,1980,Susana,0.000239,girl
229487,1980,Larissa,0.000238,girl
229488,1980,Clarissa,0.000238,girl
229489,1980,Dina,0.000237,girl
229490,1980,Joan,0.000237,girl
229491,1980,Luz,0.000237,girl
229492,1980,Jeanne,0.000236,girl
229493,1980,Marla,0.000235,girl
229494,1980,Loretta,0.000234,girl
229495,1980,Marianne,0.000234,girl
229496,1980,Adrianne,0.000233,girl
229497,1980,Rhiannon,0.00023,girl
229498,1980,Latosha,0.000229,girl
229499,1980,Raven,0.000229,girl
229500,1980,Vivian,0.000228,girl
229501,1980,Alaina,0.000228,girl
229502,1980,Brook,0.000228,girl
229503,1980,Vicki,0.000227,girl
229504,1980,Kristal,0.000225,girl
229505,1980,Janel,0.000223,girl
229506,1980,Maya,0.000223,girl
229507,1980,Tonia,0.000223,girl
229508,1980,Dianna,0.000223,girl
229509,1980,Sonja,0.000222,girl
229510,1980,Clara,0.000218,girl
229511,1980,Shawn,0.000218,girl
229512,1980,Mariah,0.000217,girl
229513,1980,Maranda,0.000212,girl
229514,1980,Tiana,0.000212,girl
229515,1980,Nicolette,0.00021,girl
229516,1980,Kimberlee,0.000209,girl
229517,1980,Kisha,0.000209,girl
229518,1980,Latrice,0.000209,girl
229519,1980,Corina,0.000208,girl
229520,1980,Jordan,0.000208,girl
229521,1980,Latanya,0.000208,girl
229522,1980,Arlene,0.000207,girl
229523,1980,Myra,0.000206,girl
229524,1980,Janna,0.000206,girl
229525,1980,Tessa,0.000203,girl
229526,1980,Candi,0.000202,girl
229527,1980,Christian,0.000201,girl
229528,1980,Elissa,0.000201,girl
229529,1980,Sheryl,0.000201,girl
229530,1980,Tera,0.000201,girl
229531,1980,Marcella,0.0002,girl
229532,1980,Malinda,0.0002,girl
229533,1980,Wendi,0.000198,girl
229534,1980,Deana,0.000198,girl
229535,1980,Constance,0.000197,girl
229536,1980,Jasmin,0.000197,girl
229537,1980,Shari,0.000197,girl
229538,1980,Araceli,0.000196,girl
229539,1980,Devin,0.000196,girl
229540,1980,Jo,0.000196,girl
229541,1980,Adrian,0.000195,girl
229542,1980,Athena,0.000194,girl
229543,1980,Sue,0.000193,girl
229544,1980,Deidra,0.000192,girl
229545,1980,Meaghan,0.000192,girl
229546,1980,Carey,0.000191,girl
229547,1980,Dayna,0.000191,girl
229548,1980,Janell,0.000191,girl
229549,1980,Maritza,0.000191,girl
229550,1980,Edith,0.00019,girl
229551,1980,Tisha,0.00019,girl
229552,1980,Karin,0.000189,girl
229553,1980,Antonia,0.000188,girl
229554,1980,Anya,0.000188,girl
229555,1980,Marjorie,0.000188,girl
229556,1980,Tammie,0.000188,girl
229557,1980,Chrissy,0.000187,girl
229558,1980,Nadine,0.000187,girl
229559,1980,Irma,0.000187,girl
229560,1980,Marina,0.000187,girl
229561,1980,Elise,0.000185,girl
229562,1980,Georgia,0.000185,girl
229563,1980,Glenda,0.000185,girl
229564,1980,Lawanda,0.000185,girl
229565,1980,Maricela,0.000185,girl
229566,1980,Justine,0.000184,girl
229567,1980,Syreeta,0.000183,girl
229568,1980,Kylie,0.000183,girl
229569,1980,Loni,0.000183,girl
229570,1980,Rocio,0.000183,girl
229571,1980,Breanne,0.000182,girl
229572,1980,Bridgett,0.000182,girl
229573,1980,Tosha,0.000182,girl
229574,1980,Maryann,0.000182,girl
229575,1980,Olga,0.000182,girl
229576,1980,Bambi,0.000181,girl
229577,1980,Deidre,0.000181,girl
229578,1980,Chastity,0.000179,girl
229579,1980,Ramona,0.000179,girl
229580,1980,Shamika,0.000178,girl
229581,1980,Angelia,0.000178,girl
229582,1980,Janie,0.000178,girl
229583,1980,Lucia,0.000178,girl
229584,1980,Silvia,0.000178,girl
229585,1980,Cori,0.000177,girl
229586,1980,Dominique,0.000177,girl
229587,1980,Talia,0.000177,girl
229588,1980,Andria,0.000176,girl
229589,1980,Christopher,0.000176,girl
229590,1980,Darla,0.000176,girl
229591,1980,Janette,0.000176,girl
229592,1980,Jeanine,0.000176,girl
229593,1980,Kayla,0.000176,girl
229594,1980,Ladonna,0.000175,girl
229595,1980,Lynda,0.000175,girl
229596,1980,Aja,0.000175,girl
229597,1980,Ariana,0.000174,girl
229598,1980,Kelsey,0.000174,girl
229599,1980,Renae,0.000174,girl
229600,1980,Alecia,0.000173,girl
229601,1980,Leanna,0.000173,girl
229602,1980,Jason,0.000173,girl
229603,1980,Kami,0.000173,girl
229604,1980,Kyla,0.00017,girl
229605,1980,Shanda,0.00017,girl
229606,1980,Chantel,0.000169,girl
229607,1980,Dora,0.000169,girl
229608,1980,Gail,0.000169,girl
229609,1980,Marlena,0.000169,girl
229610,1980,Tori,0.000169,girl
229611,1980,Brenna,0.000169,girl
229612,1980,Rena,0.000169,girl
229613,1980,Shavon,0.000169,girl
229614,1980,Sharonda,0.000168,girl
229615,1980,Valarie,0.000168,girl
229616,1980,Doris,0.000167,girl
229617,1980,Quiana,0.000166,girl
229618,1980,Natalia,0.000165,girl
229619,1980,Noemi,0.000165,girl
229620,1980,Ashleigh,0.000165,girl
229621,1980,Cari,0.000165,girl
229622,1980,Christal,0.000165,girl
229623,1980,David,0.000165,girl
229624,1980,Jesse,0.000164,girl
229625,1980,Terry,0.000164,girl
229626,1980,Breanna,0.000163,girl
229627,1980,Gladys,0.000163,girl
229628,1980,Lashanda,0.000163,girl
229629,1980,Beatrice,0.000162,girl
229630,1980,Dusty,0.000162,girl
229631,1980,Cristy,0.000162,girl
229632,1980,Vickie,0.000162,girl
229633,1980,Ingrid,0.000161,girl
229634,1980,Mollie,0.000161,girl
229635,1980,Pauline,0.000161,girl
229636,1980,Liliana,0.00016,girl
229637,1980,Lucinda,0.00016,girl
229638,1980,Sheree,0.00016,girl
229639,1980,Delia,0.00016,girl
229640,1980,Racheal,0.00016,girl
229641,1980,Daphne,0.000159,girl
229642,1980,Demetria,0.000159,girl
229643,1980,Leeann,0.000159,girl
229644,1980,Edna,0.000159,girl
229645,1980,Ronda,0.000159,girl
229646,1980,Sherrie,0.000159,girl
229647,1980,Siobhan,0.000159,girl
229648,1980,Sommer,0.000159,girl
229649,1980,Corey,0.000158,girl
229650,1980,Ivy,0.000158,girl
229651,1980,Regan,0.000158,girl
229652,1980,Chanel,0.000157,girl
229653,1980,Dolores,0.000157,girl
229654,1980,Karyn,0.000157,girl
229655,1980,Celia,0.000155,girl
229656,1980,Abbey,0.000155,girl
229657,1980,Sadie,0.000155,girl
229658,1980,Jade,0.000153,girl
229659,1980,Taryn,0.000153,girl
229660,1980,Eliza,0.000153,girl
229661,1980,Karrie,0.000153,girl
229662,1980,James,0.000152,girl
229663,1980,Josie,0.000151,girl
229664,1980,Michaela,0.00015,girl
229665,1980,Dionne,0.000149,girl
229666,1980,Shanta,0.000149,girl
229667,1980,Lyndsey,0.000148,girl
229668,1980,Julianne,0.000148,girl
229669,1980,Rene,0.000148,girl
229670,1980,Shanika,0.000147,girl
229671,1980,Yadira,0.000147,girl
229672,1980,Shalonda,0.000147,girl
229673,1980,Mara,0.000146,girl
229674,1980,Nakia,0.000146,girl
229675,1980,Casandra,0.000145,girl
229676,1980,Geneva,0.000144,girl
229677,1980,Rosalinda,0.000144,girl
229678,1980,Eleanor,0.000143,girl
229679,1980,Susanna,0.000143,girl
229680,1980,Hilda,0.000143,girl
229681,1980,Lindy,0.000143,girl
229682,1980,Robert,0.000143,girl
229683,1980,Vicky,0.000143,girl
229684,1980,Callie,0.000142,girl
229685,1980,Alanna,0.000142,girl
229686,1980,Caryn,0.000142,girl
229687,1980,John,0.000141,girl
229688,1980,Griselda,0.000141,girl
229689,1980,Mellissa,0.000141,girl
229690,1980,Precious,0.00014,girl
229691,1980,Mercedes,0.000139,girl
229692,1980,Francesca,0.000139,girl
229693,1980,Charmaine,0.000138,girl
229694,1980,Rosemarie,0.000138,girl
229695,1980,Beatriz,0.000137,girl
229696,1980,Cristin,0.000137,girl
229697,1980,Ami,0.000137,girl
229698,1980,Holli,0.000137,girl
229699,1980,Alexandria,0.000136,girl
229700,1980,Elsa,0.000136,girl
229701,1980,Starla,0.000136,girl
229702,1980,Darci,0.000135,girl
229703,1980,Jeanna,0.000135,girl
229704,1980,Deirdre,0.000135,girl
229705,1980,Mariana,0.000135,girl
229706,1980,Renada,0.000135,girl
229707,1980,Sunshine,0.000135,girl
229708,1980,Alesha,0.000134,girl
229709,1980,Graciela,0.000134,girl
229710,1980,Jaimie,0.000134,girl
229711,1980,Taylor,0.000133,girl
229712,1980,Marisela,0.000133,girl
229713,1980,Shonda,0.000132,girl
229714,1980,Annmarie,0.000132,girl
229715,1980,Celina,0.000132,girl
229716,1980,Jeri,0.000132,girl
229717,1980,Jacklyn,0.000131,girl
229718,1980,June,0.000131,girl
229719,1980,Madeline,0.000131,girl
229720,1980,Louise,0.00013,girl
229721,1980,Mackenzie,0.00013,girl
229722,1980,Maura,0.00013,girl
229723,1980,Selina,0.00013,girl
229724,1980,Abbie,0.00013,girl
229725,1980,Brandee,0.00013,girl
229726,1980,Hayley,0.000129,girl
229727,1980,Lakeshia,0.000129,girl
229728,1980,Georgina,0.000128,girl
229729,1980,Lorie,0.000128,girl
229730,1980,Meghann,0.000128,girl
229731,1980,Stella,0.000128,girl
229732,1980,Tawana,0.000128,girl
229733,1980,Tomeka,0.000128,girl
229734,1980,Jamila,0.000127,girl
229735,1980,Anastasia,0.000126,girl
229736,1980,Kandice,0.000126,girl
229737,1980,Laquita,0.000126,girl
229738,1980,Martina,0.000126,girl
229739,1980,Simone,0.000126,girl
229740,1980,Kia,0.000125,girl
229741,1980,Kristyn,0.000125,girl
229742,1980,Leilani,0.000125,girl
229743,1980,Daniela,0.000125,girl
229744,1980,Jenelle,0.000125,girl
229745,1980,Joshua,0.000125,girl
229746,1980,Katina,0.000125,girl
229747,1980,Sondra,0.000125,girl
229748,1980,Susie,0.000125,girl
229749,1980,Emilie,0.000124,girl
229750,1980,Kiley,0.000124,girl
229751,1980,Daniel,0.000124,girl
229752,1980,Shavonne,0.000124,girl
229753,1980,Tamra,0.000124,girl
229754,1980,Carina,0.000123,girl
229755,1980,Helena,0.000123,girl
229756,1980,Juana,0.000123,girl
229757,1980,Shantel,0.000123,girl
229758,1980,Shasta,0.000123,girl
229759,1980,Tanesha,0.000123,girl
229760,1980,Danelle,0.000123,girl
229761,1980,Shelia,0.000123,girl
229762,1980,Joseph,0.000122,girl
229763,1980,Harmony,0.000121,girl
229764,1980,Karissa,0.000121,girl
229765,1980,William,0.000121,girl
229766,1980,Eve,0.00012,girl
229767,1980,Marian,0.00012,girl
229768,1980,Marta,0.00012,girl
229769,1980,Mindi,0.00012,girl
229770,1980,Cory,0.00012,girl
229771,1980,Starr,0.00012,girl
229772,1980,Tammi,0.00012,girl
229773,1980,Juliana,0.000119,girl
229774,1980,Kesha,0.000119,girl
229775,1980,Lynne,0.000119,girl
229776,1980,Monika,0.000119,girl
229777,1980,Aileen,0.000119,girl
229778,1980,Charissa,0.000119,girl
229779,1980,Cora,0.000119,girl
229780,1980,Tanika,0.000119,girl
229781,1980,Corrie,0.000118,girl
229782,1980,Corrine,0.000118,girl
229783,1980,Shara,0.000118,girl
229784,1980,Fatima,0.000117,girl
229785,1980,Gena,0.000117,girl
229786,1980,Ida,0.000117,girl
229787,1980,Kira,0.000117,girl
229788,1980,Qiana,0.000117,girl
229789,1980,Rosalyn,0.000117,girl
229790,1980,Lyndsay,0.000117,girl
229791,1980,Aurora,0.000116,girl
229792,1980,Malissa,0.000116,girl
229793,1980,Eboni,0.000116,girl
229794,1980,Viviana,0.000116,girl
229795,1980,Desirae,0.000115,girl
229796,1980,Jena,0.000115,girl
229797,1980,Kristan,0.000115,girl
229798,1980,Adriane,0.000114,girl
229799,1980,Bertha,0.000114,girl
229800,1980,Jeanie,0.000114,girl
229801,1980,Kerrie,0.000114,girl
229802,1980,Mellisa,0.000114,girl
229803,1980,Rosanna,0.000114,girl
229804,1980,Casie,0.000113,girl
229805,1980,Sunny,0.000113,girl
229806,1980,Venessa,0.000113,girl
229807,1980,Bree,0.000112,girl
229808,1980,Francine,0.000112,girl
229809,1980,Lourdes,0.000112,girl
229810,1980,Greta,0.000112,girl
229811,1980,Sherita,0.000111,girl
229812,1980,Jammie,0.000111,girl
229813,1980,Jeannine,0.000111,girl
229814,1980,Shayna,0.000111,girl
229815,1980,Kacey,0.00011,girl
229816,1980,Jada,0.00011,girl
229817,1980,Shante,0.00011,girl
229818,1980,Matthew,0.000108,girl
229819,1980,Jerri,0.000108,girl
229820,1980,Niki,0.000108,girl
229821,1980,Ashanti,0.000107,girl
229822,1980,Adrianna,0.000107,girl
229823,1980,Chanda,0.000107,girl
229824,1980,Colette,0.000107,girl
229825,1980,Kacie,0.000107,girl
229826,1980,Kathrine,0.000107,girl
229827,1980,Kendall,0.000107,girl
229828,1980,Marion,0.000106,girl
229829,1980,Octavia,0.000106,girl
229830,1980,Sofia,0.000106,girl
229831,1980,Noel,0.000106,girl
229832,1980,Stacia,0.000106,girl
229833,1980,Janae,0.000105,girl
229834,1980,Lizette,0.000105,girl
229835,1980,Richelle,0.000105,girl
229836,1980,Shannan,0.000105,girl
229837,1980,Venus,0.000105,girl
229838,1980,Cathleen,0.000105,girl
229839,1980,Salina,0.000105,girl
229840,1980,Jan,0.000104,girl
229841,1980,Trista,0.000104,girl
229842,1980,Chiquita,0.000103,girl
229843,1980,Latesha,0.000103,girl
229844,1980,Letitia,0.000103,girl
229845,1980,Lily,0.000103,girl
229846,1980,Sierra,0.000103,girl
229847,1980,Britney,0.000103,girl
229848,1980,Eugenia,0.000103,girl
229849,1980,Leila,0.000103,girl
229850,1980,Melina,0.000103,girl
229851,1980,Juliet,0.000102,girl
229852,1980,Lacie,0.000102,girl
229853,1980,Phyllis,0.000102,girl
229854,1980,Susanne,0.000102,girl
229855,1980,Ariel,0.000101,girl
229856,1980,Felecia,0.000101,girl
229857,1980,Angeline,0.000101,girl
229858,1980,Delores,0.000101,girl
229859,1980,Nikole,0.000101,girl
229860,1980,Tarah,0.000101,girl
229861,1980,Alexa,0.0001,girl
229862,1980,Nakisha,0.0001,girl
229863,1980,Nikia,0.0001,girl
229864,1980,Shanon,0.0001,girl
229865,1980,Angelita,9.9e-05,girl
229866,1980,Deanne,9.9e-05,girl
229867,1980,Joelle,9.9e-05,girl
229868,1980,Annemarie,9.9e-05,girl
229869,1980,Cheyenne,9.9e-05,girl
229870,1980,Davina,9.9e-05,girl
229871,1980,Mari,9.9e-05,girl
229872,1980,Bernice,9.8e-05,girl
229873,1980,Eunice,9.8e-05,girl
229874,1980,Gwen,9.8e-05,girl
229875,1980,Josefina,9.8e-05,girl
229876,1980,Princess,9.8e-05,girl
229877,1980,Tamera,9.8e-05,girl
229878,1980,Ella,9.8e-05,girl
229879,1980,Kandi,9.8e-05,girl
229880,1980,Missy,9.8e-05,girl
229881,1980,Shanita,9.8e-05,girl
229882,1980,Aaron,9.7e-05,girl
229883,1980,Brian,9.7e-05,girl
229884,1980,Gillian,9.7e-05,girl
229885,1980,Kori,9.7e-05,girl
229886,1980,Kyle,9.7e-05,girl
229887,1980,Keli,9.7e-05,girl
229888,1980,Deena,9.6e-05,girl
229889,1980,Justina,9.6e-05,girl
229890,1980,Dixie,9.6e-05,girl
229891,1980,Farrah,9.6e-05,girl
229892,1980,Jenni,9.6e-05,girl
229893,1980,Reyna,9.6e-05,girl
229894,1980,Star,9.6e-05,girl
229895,1980,Blair,9.5e-05,girl
229896,1980,Elaina,9.5e-05,girl
229897,1980,Jeana,9.4e-05,girl
229898,1980,Magdalena,9.4e-05,girl
229899,1980,Pearl,9.4e-05,girl
229900,1980,Rebeca,9.4e-05,girl
229901,1980,Tyra,9.4e-05,girl
229902,1980,Chimere,9.4e-05,girl
229903,1980,Leona,9.4e-05,girl
229904,1980,Margie,9.4e-05,girl
229905,1980,Perla,9.4e-05,girl
229906,1980,Tawanda,9.4e-05,girl
229907,1980,Valencia,9.4e-05,girl
229908,1980,Ada,9.3e-05,girl
229909,1980,Francisca,9.3e-05,girl
229910,1980,Nichol,9.3e-05,girl
229911,1980,Chana,9.3e-05,girl
229912,1980,Fawn,9.3e-05,girl
229913,1980,Rikki,9.3e-05,girl
229914,1980,Stephenie,9.3e-05,girl
229915,1980,Kaci,9.2e-05,girl
229916,1980,Margo,9.2e-05,girl
229917,1980,Ursula,9.2e-05,girl
229918,1980,Johnna,9.2e-05,girl
229919,1980,Tenisha,9.2e-05,girl
229920,1980,Anabel,9.1e-05,girl
229921,1980,Kenyatta,9.1e-05,girl
229922,1980,Leia,9.1e-05,girl
229923,1980,Reagan,9.1e-05,girl
229924,1980,Adria,9.1e-05,girl
229925,1980,Anthony,9.1e-05,girl
229926,1980,Cecelia,9.1e-05,girl
229927,1980,Crissy,9.1e-05,girl
229928,1980,Justin,9.1e-05,girl
229929,1980,Rosalie,9.1e-05,girl
229930,1980,Vera,9.1e-05,girl
229931,1980,Asia,9e-05,girl
229932,1980,Bettina,9e-05,girl
229933,1980,Brynn,9e-05,girl
229934,1980,Consuelo,9e-05,girl
229935,1980,Darcie,9e-05,girl
229936,1980,Laci,9e-05,girl
229937,1980,Lisette,9e-05,girl
229938,1980,Tai,9e-05,girl
229939,1980,Tomika,9e-05,girl
229940,1980,Damaris,8.9e-05,girl
229941,1980,Danica,8.9e-05,girl
229942,1980,Delilah,8.9e-05,girl
229943,1980,Loren,8.9e-05,girl
229944,1980,Lynnette,8.9e-05,girl
229945,1980,Maren,8.9e-05,girl
229946,1980,Mildred,8.9e-05,girl
229947,1980,Sandi,8.9e-05,girl
229948,1980,Keely,8.9e-05,girl
229949,1980,Shantell,8.9e-05,girl
229950,1980,Dianne,8.8e-05,girl
229951,1980,Iesha,8.8e-05,girl
229952,1980,Shellie,8.8e-05,girl
229953,1980,Candis,8.7e-05,girl
229954,1980,Kellee,8.7e-05,girl
229955,1980,Kirstin,8.7e-05,girl
229956,1980,Lois,8.7e-05,girl
229957,1980,Paulette,8.7e-05,girl
229958,1980,Tana,8.7e-05,girl
229959,1980,Alysia,8.7e-05,girl
229960,1980,Mona,8.7e-05,girl
229961,1980,Rosie,8.7e-05,girl
229962,1980,Shea,8.7e-05,girl
229963,1980,Ashlie,8.6e-05,girl
229964,1980,Charla,8.6e-05,girl
229965,1980,Eric,8.6e-05,girl
229966,1980,Francis,8.6e-05,girl
229967,1980,Rashida,8.6e-05,girl
229968,1980,Tracee,8.6e-05,girl
229969,1980,Windy,8.6e-05,girl
229970,1980,Alina,8.5e-05,girl
229971,1980,Florence,8.5e-05,girl
229972,1980,Kay,8.5e-05,girl
229973,1980,Raina,8.5e-05,girl
229974,1980,Renita,8.5e-05,girl
229975,1980,Shawanda,8.5e-05,girl
229976,1980,Suzanna,8.5e-05,girl
229977,1980,Therese,8.5e-05,girl
229978,1980,Alycia,8.5e-05,girl
229979,1980,Cristal,8.5e-05,girl
229980,1980,Jessi,8.5e-05,girl
229981,1980,Lashawn,8.5e-05,girl
229982,1980,Lina,8.5e-05,girl
229983,1980,Lissette,8.5e-05,girl
229984,1980,Lola,8.5e-05,girl
229985,1980,Alena,8.4e-05,girl
229986,1980,Cameron,8.4e-05,girl
229987,1980,Lila,8.4e-05,girl
229988,1980,Krissy,8.4e-05,girl
229989,1980,Kylene,8.4e-05,girl
229990,1980,Linsey,8.4e-05,girl
229991,1980,Nicki,8.4e-05,girl
229992,1980,Thelma,8.4e-05,girl
229993,1980,Liana,8.3e-05,girl
229994,1980,Malia,8.3e-05,girl
229995,1980,Tatiana,8.3e-05,girl
229996,1980,Chantelle,8.3e-05,girl
229997,1980,Julianna,8.3e-05,girl
229998,1980,Kati,8.3e-05,girl
229999,1980,Lashunda,8.3e-05,girl
230000,1981,Jennifer,0.031912,girl
230001,1981,Jessica,0.023788,girl
230002,1981,Amanda,0.019233,girl
230003,1981,Sarah,0.01576,girl
230004,1981,Melissa,0.015669,girl
230005,1981,Amy,0.011381,girl
230006,1981,Nicole,0.011366,girl
230007,1981,Stephanie,0.011305,girl
230008,1981,Elizabeth,0.011279,girl
230009,1981,Heather,0.01004,girl
230010,1981,Michelle,0.009937,girl
230011,1981,Rebecca,0.00936,girl
230012,1981,Kimberly,0.009339,girl
230013,1981,Tiffany,0.009181,girl
230014,1981,Angela,0.008905,girl
230015,1981,Crystal,0.008888,girl
230016,1981,Christina,0.008049,girl
230017,1981,Lisa,0.007997,girl
230018,1981,Erin,0.007749,girl
230019,1981,Amber,0.007724,girl
230020,1981,Laura,0.007435,girl
230021,1981,Rachel,0.007037,girl
230022,1981,Kelly,0.006643,girl
230023,1981,Andrea,0.006535,girl
230024,1981,April,0.006381,girl
230025,1981,Sara,0.006351,girl
230026,1981,Mary,0.006171,girl
230027,1981,Jamie,0.006142,girl
230028,1981,Emily,0.006044,girl
230029,1981,Danielle,0.00561,girl
230030,1981,Kristin,0.005446,girl
230031,1981,Shannon,0.005162,girl
230032,1981,Megan,0.005014,girl
230033,1981,Ashley,0.004967,girl
230034,1981,Lauren,0.004926,girl
230035,1981,Erica,0.004823,girl
230036,1981,Julie,0.004791,girl
230037,1981,Kristen,0.004779,girl
230038,1981,Katherine,0.004713,girl
230039,1981,Maria,0.004284,girl
230040,1981,Brandy,0.003857,girl
230041,1981,Christine,0.003833,girl
230042,1981,Courtney,0.003712,girl
230043,1981,Katie,0.003691,girl
230044,1981,Tara,0.003562,girl
230045,1981,Alicia,0.003278,girl
230046,1981,Lindsay,0.003265,girl
230047,1981,Kathryn,0.003258,girl
230048,1981,Monica,0.003235,girl
230049,1981,Brandi,0.003092,girl
230050,1981,Samantha,0.003085,girl
230051,1981,Brooke,0.002982,girl
230052,1981,Patricia,0.002956,girl
230053,1981,Anna,0.0029,girl
230054,1981,Carrie,0.002849,girl
230055,1981,Leslie,0.002759,girl
230056,1981,Allison,0.002741,girl
230057,1981,Lindsey,0.002722,girl
230058,1981,Cynthia,0.002719,girl
230059,1981,Natalie,0.002715,girl
230060,1981,Misty,0.002686,girl
230061,1981,Vanessa,0.002651,girl
230062,1981,Holly,0.002554,girl
230063,1981,Karen,0.002538,girl
230064,1981,Stacy,0.002504,girl
230065,1981,Melanie,0.002502,girl
230066,1981,Jacqueline,0.002424,girl
230067,1981,Veronica,0.002413,girl
230068,1981,Latoya,0.002388,girl
230069,1981,Dana,0.002375,girl
230070,1981,Susan,0.002373,girl
230071,1981,Kristina,0.002271,girl
230072,1981,Catherine,0.002267,girl
230073,1981,Sandra,0.002254,girl
230074,1981,Diana,0.002222,girl
230075,1981,Pamela,0.002173,girl
230076,1981,Tracy,0.002163,girl
230077,1981,Jill,0.002157,girl
230078,1981,Dawn,0.002147,girl
230079,1981,Tina,0.002137,girl
230080,1981,Leah,0.002132,girl
230081,1981,Kathleen,0.002113,girl
230082,1981,Stacey,0.002099,girl
230083,1981,Heidi,0.002092,girl
230084,1981,Natasha,0.002089,girl
230085,1981,Candice,0.002069,girl
230086,1981,Victoria,0.002061,girl
230087,1981,Julia,0.002047,girl
230088,1981,Valerie,0.002022,girl
230089,1981,Wendy,0.002019,girl
230090,1981,Lori,0.001947,girl
230091,1981,Tanya,0.001906,girl
230092,1981,Erika,0.0019,girl
230093,1981,Kristy,0.001826,girl
230094,1981,Katrina,0.001823,girl
230095,1981,Denise,0.001789,girl
230096,1981,Teresa,0.001747,girl
230097,1981,Renee,0.001677,girl
230098,1981,Christy,0.001648,girl
230099,1981,Theresa,0.001645,girl
230100,1981,Nancy,0.001631,girl
230101,1981,Robin,0.001605,girl
230102,1981,Monique,0.0016,girl
230103,1981,Cassandra,0.001597,girl
230104,1981,Anne,0.00157,girl
230105,1981,Gina,0.001566,girl
230106,1981,Margaret,0.001563,girl
230107,1981,Melinda,0.001551,girl
230108,1981,Nichole,0.001551,girl
230109,1981,Tonya,0.001542,girl
230110,1981,Linda,0.001527,girl
230111,1981,Brenda,0.001523,girl
230112,1981,Alison,0.001513,girl
230113,1981,Bethany,0.001504,girl
230114,1981,Tamara,0.001481,girl
230115,1981,Meghan,0.001463,girl
230116,1981,Tammy,0.001448,girl
230117,1981,Candace,0.001442,girl
230118,1981,Barbara,0.001415,girl
230119,1981,Sabrina,0.001396,girl
230120,1981,Kara,0.001364,girl
230121,1981,Casey,0.001356,girl
230122,1981,Jenny,0.001343,girl
230123,1981,Jaime,0.001335,girl
230124,1981,Beth,0.001293,girl
230125,1981,Kelli,0.001276,girl
230126,1981,Michele,0.001269,girl
230127,1981,Miranda,0.001253,girl
230128,1981,Kristi,0.001234,girl
230129,1981,Sharon,0.001203,girl
230130,1981,Krystal,0.001193,girl
230131,1981,Rachael,0.001193,girl
230132,1981,Ann,0.001189,girl
230133,1981,Cheryl,0.001184,girl
230134,1981,Mandy,0.001169,girl
230135,1981,Molly,0.001169,girl
230136,1981,Jillian,0.001163,girl
230137,1981,Colleen,0.001155,girl
230138,1981,Latasha,0.001152,girl
230139,1981,Meredith,0.001143,girl
230140,1981,Tasha,0.001129,girl
230141,1981,Alisha,0.001118,girl
230142,1981,Marie,0.001111,girl
230143,1981,Carolyn,0.001098,girl
230144,1981,Kari,0.001093,girl
230145,1981,Deanna,0.001087,girl
230146,1981,Tabitha,0.001072,girl
230147,1981,Rebekah,0.001066,girl
230148,1981,Bridget,0.001065,girl
230149,1981,Deborah,0.001065,girl
230150,1981,Regina,0.001051,girl
230151,1981,Krista,0.001034,girl
230152,1981,Kendra,0.001033,girl
230153,1981,Mindy,0.001023,girl
230154,1981,Joanna,0.00102,girl
230155,1981,Angel,0.001015,girl
230156,1981,Abigail,0.001014,girl
230157,1981,Jaclyn,0.001012,girl
230158,1981,Virginia,0.001006,girl
230159,1981,Carla,0.001,girl
230160,1981,Suzanne,0.000992,girl
230161,1981,Morgan,0.00099,girl
230162,1981,Cindy,0.000976,girl
230163,1981,Trisha,0.000966,girl
230164,1981,Brittany,0.000959,girl
230165,1981,Donna,0.000951,girl
230166,1981,Nina,0.000949,girl
230167,1981,Felicia,0.000911,girl
230168,1981,Bonnie,0.000908,girl
230169,1981,Joy,0.000907,girl
230170,1981,Desiree,0.0009,girl
230171,1981,Jodi,0.000885,girl
230172,1981,Alexis,0.000885,girl
230173,1981,Adrienne,0.000878,girl
230174,1981,Martha,0.000878,girl
230175,1981,Janet,0.000878,girl
230176,1981,Yolanda,0.000876,girl
230177,1981,Ebony,0.000869,girl
230178,1981,Summer,0.000865,girl
230179,1981,Priscilla,0.00086,girl
230180,1981,Claudia,0.000856,girl
230181,1981,Aimee,0.000843,girl
230182,1981,Angelica,0.000841,girl
230183,1981,Autumn,0.000836,girl
230184,1981,Stefanie,0.000832,girl
230185,1981,Paula,0.000827,girl
230186,1981,Marissa,0.000812,girl
230187,1981,Carmen,0.00081,girl
230188,1981,Ana,0.0008,girl
230189,1981,Hannah,0.000787,girl
230190,1981,Jasmine,0.000781,girl
230191,1981,Kate,0.000781,girl
230192,1981,Caroline,0.000779,girl
230193,1981,Lacey,0.000766,girl
230194,1981,Robyn,0.000765,girl
230195,1981,Kristine,0.000761,girl
230196,1981,Jenna,0.000759,girl
230197,1981,Rhonda,0.000759,girl
230198,1981,Shawna,0.000759,girl
230199,1981,Toni,0.000754,girl
230200,1981,Cristina,0.000752,girl
230201,1981,Debra,0.000751,girl
230202,1981,Janelle,0.000737,girl
230203,1981,Whitney,0.000729,girl
230204,1981,Audrey,0.000718,girl
230205,1981,Diane,0.000711,girl
230206,1981,Sherry,0.000709,girl
230207,1981,Ruth,0.000708,girl
230208,1981,Cara,0.000705,girl
230209,1981,Shanna,0.000702,girl
230210,1981,Sophia,0.000689,girl
230211,1981,Shelly,0.000688,girl
230212,1981,Cassie,0.000686,girl
230213,1981,Laurie,0.000685,girl
230214,1981,Rosa,0.000685,girl
230215,1981,Naomi,0.000684,girl
230216,1981,Abby,0.000679,girl
230217,1981,Sheila,0.000679,girl
230218,1981,Jessie,0.000677,girl
230219,1981,Alexandra,0.000673,girl
230220,1981,Tamika,0.000664,girl
230221,1981,Melody,0.000659,girl
230222,1981,Kellie,0.000658,girl
230223,1981,Marisa,0.000653,girl
230224,1981,Jacquelyn,0.000642,girl
230225,1981,Sonya,0.000636,girl
230226,1981,Sonia,0.000632,girl
230227,1981,Alyssa,0.000631,girl
230228,1981,Gloria,0.00062,girl
230229,1981,Leigh,0.000615,girl
230230,1981,Rose,0.000613,girl
230231,1981,Jeanette,0.000607,girl
230232,1981,Yvonne,0.000604,girl
230233,1981,Terri,0.000598,girl
230234,1981,Stacie,0.000594,girl
230235,1981,Anita,0.000589,girl
230236,1981,Adriana,0.000584,girl
230237,1981,Carol,0.000583,girl
230238,1981,Tracey,0.000581,girl
230239,1981,Leticia,0.00058,girl
230240,1981,Nikki,0.000579,girl
230241,1981,Christie,0.000577,girl
230242,1981,Evelyn,0.000574,girl
230243,1981,Kerri,0.000573,girl
230244,1981,Olivia,0.000568,girl
230245,1981,Tia,0.000565,girl
230246,1981,Sylvia,0.000564,girl
230247,1981,Charlene,0.000562,girl
230248,1981,Keri,0.000559,girl
230249,1981,Becky,0.000556,girl
230250,1981,Latonya,0.000555,girl
230251,1981,Karla,0.000551,girl
230252,1981,Annie,0.000545,girl
230253,1981,Kristie,0.000544,girl
230254,1981,Charity,0.00054,girl
230255,1981,Latisha,0.00054,girl
230256,1981,Kathy,0.000536,girl
230257,1981,Ellen,0.000536,girl
230258,1981,Randi,0.000534,girl
230259,1981,Kelley,0.000533,girl
230260,1981,Lynn,0.000532,girl
230261,1981,Traci,0.000532,girl
230262,1981,Annette,0.00053,girl
230263,1981,Tricia,0.000527,girl
230264,1981,Jana,0.000526,girl
230265,1981,Kerry,0.000526,girl
230266,1981,Lydia,0.000525,girl
230267,1981,Shauna,0.000524,girl
230268,1981,Bobbie,0.000523,girl
230269,1981,Carly,0.000518,girl
230270,1981,Frances,0.000517,girl
230271,1981,Shelley,0.000511,girl
230272,1981,Esther,0.000508,girl
230273,1981,Raquel,0.000507,girl
230274,1981,Gretchen,0.000501,girl
230275,1981,Helen,0.0005,girl
230276,1981,Janice,0.000498,girl
230277,1981,Johanna,0.000493,girl
230278,1981,Angelina,0.000491,girl
230279,1981,Amie,0.000489,girl
230280,1981,Juanita,0.000487,girl
230281,1981,Lesley,0.000484,girl
230282,1981,Eva,0.000479,girl
230283,1981,Rita,0.000479,girl
230284,1981,Roxanne,0.000476,girl
230285,1981,Amelia,0.000475,girl
230286,1981,Alissa,0.000474,girl
230287,1981,Rachelle,0.000472,girl
230288,1981,Meagan,0.000471,girl
230289,1981,Lacy,0.000466,girl
230290,1981,Grace,0.000465,girl
230291,1981,Charlotte,0.000464,girl
230292,1981,Jennie,0.000464,girl
230293,1981,Maureen,0.000463,girl
230294,1981,Shana,0.000459,girl
230295,1981,Brandie,0.000456,girl
230296,1981,Rochelle,0.000454,girl
230297,1981,Yvette,0.000453,girl
230298,1981,Jocelyn,0.000452,girl
230299,1981,Jami,0.000449,girl
230300,1981,Lakisha,0.000449,girl
230301,1981,Sandy,0.000448,girl
230302,1981,Irene,0.000447,girl
230303,1981,Miriam,0.000446,girl
230304,1981,Faith,0.000444,girl
230305,1981,Katharine,0.000443,girl
230306,1981,Dorothy,0.000442,girl
230307,1981,Angie,0.00044,girl
230308,1981,Elaine,0.000439,girl
230309,1981,Caitlin,0.000439,girl
230310,1981,Haley,0.000433,girl
230311,1981,Elisa,0.000432,girl
230312,1981,Connie,0.000427,girl
230313,1981,Jane,0.000424,girl
230314,1981,Jolene,0.000423,girl
230315,1981,Christa,0.000417,girl
230316,1981,Kasey,0.000417,girl
230317,1981,Alice,0.000416,girl
230318,1981,Jody,0.000416,girl
230319,1981,Hillary,0.000412,girl
230320,1981,Tameka,0.000412,girl
230321,1981,Elisabeth,0.00041,girl
230322,1981,Brianna,0.000407,girl
230323,1981,Norma,0.000407,girl
230324,1981,Chasity,0.000406,girl
230325,1981,Joni,0.000405,girl
230326,1981,Lorena,0.000405,girl
230327,1981,Ginger,0.000404,girl
230328,1981,Daisy,0.000404,girl
230329,1981,Keisha,0.000402,girl
230330,1981,Chrystal,0.000401,girl
230331,1981,Mia,0.000401,girl
230332,1981,Constance,0.0004,girl
230333,1981,Sally,0.000399,girl
230334,1981,Kirsten,0.000396,girl
230335,1981,Jenifer,0.000395,girl
230336,1981,Jackie,0.000391,girl
230337,1981,Brianne,0.000391,girl
230338,1981,Tanisha,0.000387,girl
230339,1981,Joyce,0.000386,girl
230340,1981,Alma,0.000383,girl
230341,1981,Cecilia,0.000382,girl
230342,1981,Claire,0.000379,girl
230343,1981,Bianca,0.000379,girl
230344,1981,Ruby,0.000378,girl
230345,1981,Ryan,0.000378,girl
230346,1981,Beverly,0.000377,girl
230347,1981,Joanne,0.000377,girl
230348,1981,Carissa,0.000375,girl
230349,1981,Billie,0.000374,girl
230350,1981,Bobbi,0.000374,girl
230351,1981,Antoinette,0.000373,girl
230352,1981,Judith,0.000373,girl
230353,1981,Betty,0.000369,girl
230354,1981,Maribel,0.000369,girl
230355,1981,Karina,0.000367,girl
230356,1981,Sheena,0.000367,girl
230357,1981,Ashlee,0.000365,girl
230358,1981,Hope,0.000365,girl
230359,1981,Elena,0.000364,girl
230360,1981,Lakeisha,0.000363,girl
230361,1981,Sherri,0.000362,girl
230362,1981,Staci,0.000362,girl
230363,1981,Tiffani,0.00036,girl
230364,1981,Alana,0.000358,girl
230365,1981,Ericka,0.000358,girl
230366,1981,Tabatha,0.000358,girl
230367,1981,Darlene,0.000357,girl
230368,1981,Camille,0.000355,girl
230369,1981,Belinda,0.000353,girl
230370,1981,Leanne,0.000353,girl
230371,1981,Patrice,0.00035,girl
230372,1981,Hilary,0.000349,girl
230373,1981,Cortney,0.000349,girl
230374,1981,Guadalupe,0.000347,girl
230375,1981,Sheri,0.000345,girl
230376,1981,Paige,0.000341,girl
230377,1981,Corinne,0.00034,girl
230378,1981,Mayra,0.000339,girl
230379,1981,Jean,0.000338,girl
230380,1981,Judy,0.000337,girl
230381,1981,Gabriela,0.000333,girl
230382,1981,Celeste,0.000332,girl
230383,1981,Marisol,0.000331,girl
230384,1981,Gabrielle,0.000329,girl
230385,1981,Christin,0.000326,girl
230386,1981,Eileen,0.000326,girl
230387,1981,Lara,0.000326,girl
230388,1981,Jodie,0.000325,girl
230389,1981,Shirley,0.000324,girl
230390,1981,Marilyn,0.000323,girl
230391,1981,Katy,0.000323,girl
230392,1981,Aisha,0.000321,girl
230393,1981,Briana,0.00032,girl
230394,1981,Alisa,0.000319,girl
230395,1981,Tessa,0.000319,girl
230396,1981,Ashleigh,0.000318,girl
230397,1981,Audra,0.000316,girl
230398,1981,Elisha,0.000316,girl
230399,1981,Tracie,0.000316,girl
230400,1981,Rosemary,0.000316,girl
230401,1981,Mandi,0.000314,girl
230402,1981,Marsha,0.000314,girl
230403,1981,Alexandria,0.00031,girl
230404,1981,Devon,0.000308,girl
230405,1981,Nora,0.000308,girl
230406,1981,Teri,0.000304,girl
230407,1981,Chelsea,0.000302,girl
230408,1981,Chandra,0.000301,girl
230409,1981,Serena,0.0003,girl
230410,1981,Kim,0.000299,girl
230411,1981,Cathy,0.000298,girl
230412,1981,Emma,0.000297,girl
230413,1981,Lee,0.000297,girl
230414,1981,Marcia,0.000297,girl
230415,1981,Aubrey,0.000296,girl
230416,1981,Christen,0.000294,girl
230417,1981,Clarissa,0.000293,girl
230418,1981,Brittney,0.00029,girl
230419,1981,Lillian,0.000289,girl
230420,1981,Melisa,0.000289,girl
230421,1981,Esmeralda,0.000288,girl
230422,1981,Yesenia,0.000287,girl
230423,1981,Shelby,0.000287,girl
230424,1981,Joann,0.000284,girl
230425,1981,Genevieve,0.000283,girl
230426,1981,Blanca,0.00028,girl
230427,1981,Christi,0.000279,girl
230428,1981,Kristal,0.000277,girl
230429,1981,Janine,0.000276,girl
230430,1981,Allyson,0.000275,girl
230431,1981,Shayla,0.000275,girl
230432,1981,Lorraine,0.000274,girl
230433,1981,Sasha,0.000274,girl
230434,1981,Kelsey,0.000274,girl
230435,1981,Lora,0.000274,girl
230436,1981,Loretta,0.000274,girl
230437,1981,Iris,0.000273,girl
230438,1981,Michael,0.000273,girl
230439,1981,Maggie,0.000272,girl
230440,1981,Tania,0.000271,girl
230441,1981,Jordan,0.000271,girl
230442,1981,Terra,0.000271,girl
230443,1981,Alejandra,0.000269,girl
230444,1981,Jayme,0.000269,girl
230445,1981,Penny,0.000269,girl
230446,1981,Cari,0.000268,girl
230447,1981,Laurel,0.000268,girl
230448,1981,Lakesha,0.000268,girl
230449,1981,Lena,0.000267,girl
230450,1981,Nadia,0.000267,girl
230451,1981,Dena,0.000266,girl
230452,1981,Josephine,0.000266,girl
230453,1981,Margarita,0.000266,girl
230454,1981,Kimberley,0.000265,girl
230455,1981,Trina,0.000265,girl
230456,1981,Susana,0.000264,girl
230457,1981,Destiny,0.000261,girl
230458,1981,Isabel,0.000261,girl
230459,1981,Liliana,0.000261,girl
230460,1981,Alaina,0.00026,girl
230461,1981,Lea,0.00026,girl
230462,1981,Hollie,0.000259,girl
230463,1981,Roberta,0.000259,girl
230464,1981,Wanda,0.000256,girl
230465,1981,Alyson,0.000255,girl
230466,1981,Lashonda,0.000255,girl
230467,1981,Tami,0.000254,girl
230468,1981,Dara,0.000254,girl
230469,1981,Selena,0.000254,girl
230470,1981,Dianna,0.000252,girl
230471,1981,Krystle,0.000251,girl
230472,1981,Marlene,0.000251,girl
230473,1981,Angelique,0.00025,girl
230474,1981,Betsy,0.00025,girl
230475,1981,Bridgette,0.00025,girl
230476,1981,Leann,0.000249,girl
230477,1981,Gwendolyn,0.000249,girl
230478,1981,Larissa,0.000247,girl
230479,1981,Debbie,0.000246,girl
230480,1981,Hayley,0.000246,girl
230481,1981,Marcie,0.000245,girl
230482,1981,Peggy,0.000244,girl
230483,1981,Lucy,0.000243,girl
230484,1981,Carolina,0.000241,girl
230485,1981,Jeanne,0.000241,girl
230486,1981,Catrina,0.000237,girl
230487,1981,Lyndsey,0.000237,girl
230488,1981,Shameka,0.000236,girl
230489,1981,Liza,0.000235,girl
230490,1981,Christian,0.000233,girl
230491,1981,Kenya,0.000233,girl
230492,1981,Jeannette,0.000232,girl
230493,1981,Arlene,0.000231,girl
230494,1981,Adrianne,0.000231,girl
230495,1981,Dina,0.000231,girl
230496,1981,Lynette,0.00023,girl
230497,1981,Simone,0.000229,girl
230498,1981,Joan,0.000225,girl
230499,1981,Sonja,0.000225,girl
230500,1981,Tiffanie,0.000225,girl
230501,1981,Marci,0.000224,girl
230502,1981,Marianne,0.000223,girl
230503,1981,Misti,0.000223,girl
230504,1981,Candy,0.000222,girl
230505,1981,Cheri,0.000221,girl
230506,1981,Dominique,0.00022,girl
230507,1981,Jeannie,0.000219,girl
230508,1981,Kira,0.000219,girl
230509,1981,Darcy,0.000218,girl
230510,1981,Elise,0.000217,girl
230511,1981,Rhiannon,0.000215,girl
230512,1981,Abbey,0.000214,girl
230513,1981,Cherie,0.000214,girl
230514,1981,Bernadette,0.000214,girl
230515,1981,Taylor,0.000214,girl
230516,1981,Latrice,0.000213,girl
230517,1981,Raven,0.000213,girl
230518,1981,Jesse,0.000213,girl
230519,1981,Latosha,0.000213,girl
230520,1981,Lana,0.000211,girl
230521,1981,Araceli,0.00021,girl
230522,1981,Noelle,0.000209,girl
230523,1981,Blair,0.000208,girl
230524,1981,Brook,0.000207,girl
230525,1981,Tiana,0.000204,girl
230526,1981,Jasmin,0.000203,girl
230527,1981,Kyla,0.000201,girl
230528,1981,Marla,0.000201,girl
230529,1981,Janna,0.0002,girl
230530,1981,Callie,0.000198,girl
230531,1981,Deana,0.000198,girl
230532,1981,Marina,0.000198,girl
230533,1981,Elissa,0.000197,girl
230534,1981,Luz,0.000197,girl
230535,1981,Myra,0.000196,girl
230536,1981,Vicki,0.000196,girl
230537,1981,Marjorie,0.000195,girl
230538,1981,Ariana,0.000195,girl
230539,1981,Marcy,0.000195,girl
230540,1981,Vivian,0.000195,girl
230541,1981,Tera,0.000192,girl
230542,1981,Tierra,0.000192,girl
230543,1981,Nicolette,0.000191,girl
230544,1981,Silvia,0.000191,girl
230545,1981,Jo,0.000191,girl
230546,1981,Antonia,0.00019,girl
230547,1981,Meaghan,0.00019,girl
230548,1981,Janie,0.000189,girl
230549,1981,Shamika,0.000189,girl
230550,1981,Shawn,0.000189,girl
230551,1981,Jacklyn,0.000189,girl
230552,1981,Nadine,0.000189,girl
230553,1981,Beatrice,0.000188,girl
230554,1981,Breanna,0.000188,girl
230555,1981,Lynda,0.000187,girl
230556,1981,Casandra,0.000187,girl
230557,1981,Shari,0.000187,girl
230558,1981,Kimberlee,0.000186,girl
230559,1981,Brenna,0.000186,girl
230560,1981,Dayna,0.000185,girl
230561,1981,Cristy,0.000185,girl
230562,1981,Janell,0.000185,girl
230563,1981,Janette,0.000184,girl
230564,1981,Jeanine,0.000184,girl
230565,1981,Wendi,0.000184,girl
230566,1981,Leeann,0.000182,girl
230567,1981,Janel,0.000181,girl
230568,1981,Tosha,0.000181,girl
230569,1981,Malinda,0.000181,girl
230570,1981,Noemi,0.000181,girl
230571,1981,Athena,0.00018,girl
230572,1981,Bridgett,0.00018,girl
230573,1981,Latanya,0.00018,girl
230574,1981,Lucia,0.00018,girl
230575,1981,Maya,0.00018,girl
230576,1981,Mariah,0.00018,girl
230577,1981,Edith,0.000179,girl
230578,1981,Adrian,0.000178,girl
230579,1981,Clara,0.000178,girl
230580,1981,Kayla,0.000178,girl
230581,1981,Irma,0.000177,girl
230582,1981,Sheryl,0.000177,girl
230583,1981,Chantel,0.000177,girl
230584,1981,Kisha,0.000177,girl
230585,1981,Jade,0.000176,girl
230586,1981,Maranda,0.000176,girl
230587,1981,Olga,0.000175,girl
230588,1981,Natalia,0.000175,girl
230589,1981,Tonia,0.000175,girl
230590,1981,Marcella,0.000174,girl
230591,1981,Karin,0.000174,girl
230592,1981,Glenda,0.000173,girl
230593,1981,Rocio,0.000173,girl
230594,1981,Candi,0.000172,girl
230595,1981,Justine,0.000172,girl
230596,1981,Racheal,0.000172,girl
230597,1981,Corina,0.000172,girl
230598,1981,Ladonna,0.000172,girl
230599,1981,Leanna,0.000172,girl
230600,1981,Beatriz,0.000171,girl
230601,1981,Ramona,0.000171,girl
230602,1981,Georgia,0.00017,girl
230603,1981,Maritza,0.00017,girl
230604,1981,Deidra,0.00017,girl
230605,1981,Tisha,0.00017,girl
230606,1981,Martina,0.000169,girl
230607,1981,Valarie,0.000169,girl
230608,1981,Alecia,0.000167,girl
230609,1981,Pauline,0.000167,girl
230610,1981,Kristyn,0.000166,girl
230611,1981,Cori,0.000166,girl
230612,1981,Alanna,0.000165,girl
230613,1981,Breanne,0.000165,girl
230614,1981,Mollie,0.000165,girl
230615,1981,Celia,0.000165,girl
230616,1981,Talia,0.000165,girl
230617,1981,Lucinda,0.000164,girl
230618,1981,Selina,0.000164,girl
230619,1981,Abbie,0.000163,girl
230620,1981,Andria,0.000163,girl
230621,1981,Christal,0.000163,girl
230622,1981,Christopher,0.000163,girl
230623,1981,Maryann,0.000163,girl
230624,1981,Gail,0.000162,girl
230625,1981,Rena,0.000162,girl
230626,1981,Tammie,0.000161,girl
230627,1981,Darla,0.00016,girl
230628,1981,Chastity,0.000158,girl
230629,1981,Dora,0.000158,girl
230630,1981,Dolores,0.000158,girl
230631,1981,Lawanda,0.000158,girl
230632,1981,Rene,0.000158,girl
230633,1981,Anastasia,0.000157,girl
230634,1981,Sadie,0.000157,girl
230635,1981,Eliza,0.000156,girl
230636,1981,Juliana,0.000156,girl
230637,1981,Julianne,0.000156,girl
230638,1981,Deidre,0.000155,girl
230639,1981,Ingrid,0.000155,girl
230640,1981,Ivy,0.000155,girl
230641,1981,Maricela,0.000155,girl
230642,1981,Karissa,0.000154,girl
230643,1981,Cristin,0.000153,girl
230644,1981,Lyndsay,0.000153,girl
230645,1981,Carey,0.000153,girl
230646,1981,Daphne,0.000153,girl
230647,1981,Jessi,0.000153,girl
230648,1981,Kami,0.000153,girl
230649,1981,Loni,0.000153,girl
230650,1981,James,0.000152,girl
230651,1981,Chanel,0.000152,girl
230652,1981,Griselda,0.000152,girl
230653,1981,Shanda,0.000152,girl
230654,1981,Sue,0.000152,girl
230655,1981,Doris,0.000151,girl
230656,1981,Edna,0.000151,girl
230657,1981,Eleanor,0.000151,girl
230658,1981,Susanna,0.00015,girl
230659,1981,Corey,0.000149,girl
230660,1981,Emilie,0.000149,girl
230661,1981,Francesca,0.000149,girl
230662,1981,Angelia,0.000149,girl
230663,1981,Sharonda,0.000149,girl
230664,1981,Sofia,0.000148,girl
230665,1981,Kia,0.000147,girl
230666,1981,Josie,0.000147,girl
230667,1981,Sheree,0.000147,girl
230668,1981,Aja,0.000146,girl
230669,1981,Francine,0.000146,girl
230670,1981,Kacie,0.000146,girl
230671,1981,Marta,0.000146,girl
230672,1981,Geneva,0.000145,girl
230673,1981,Renae,0.000145,girl
230674,1981,Lashanda,0.000144,girl
230675,1981,Madeline,0.000144,girl
230676,1981,Shanika,0.000144,girl
230677,1981,Tiara,0.000144,girl
230678,1981,Marlena,0.000143,girl
230679,1981,Quiana,0.000143,girl
230680,1981,Rosalinda,0.000143,girl
230681,1981,Gladys,0.000142,girl
230682,1981,Jenelle,0.000142,girl
230683,1981,Nakia,0.000142,girl
230684,1981,Shanta,0.000142,girl
230685,1981,Delia,0.000142,girl
230686,1981,Mercedes,0.000141,girl
230687,1981,Celina,0.00014,girl
230688,1981,Devin,0.00014,girl
230689,1981,Daniela,0.000139,girl
230690,1981,Kandice,0.000138,girl
230691,1981,Precious,0.000138,girl
230692,1981,Shavon,0.000138,girl
230693,1981,Sondra,0.000138,girl
230694,1981,Michaela,0.000136,girl
230695,1981,Demetria,0.000135,girl
230696,1981,Elsa,0.000135,girl
230697,1981,Hilda,0.000135,girl
230698,1981,Lacie,0.000135,girl
230699,1981,Susie,0.000135,girl
230700,1981,Tori,0.000134,girl
230701,1981,Vicky,0.000134,girl
230702,1981,Jason,0.000134,girl
230703,1981,Jena,0.000134,girl
230704,1981,Joshua,0.000134,girl
230705,1981,Sherrie,0.000134,girl
230706,1981,Mackenzie,0.000133,girl
230707,1981,Sherita,0.000133,girl
230708,1981,Tanesha,0.000133,girl
230709,1981,Mara,0.000132,girl
230710,1981,Maura,0.000132,girl
230711,1981,Dionne,0.000131,girl
230712,1981,Caryn,0.00013,girl
230713,1981,Fallon,0.00013,girl
230714,1981,Margo,0.00013,girl
230715,1981,Monika,0.000129,girl
230716,1981,Vickie,0.000129,girl
230717,1981,Corrie,0.000129,girl
230718,1981,Taryn,0.000129,girl
230719,1981,Dusty,0.000128,girl
230720,1981,Karrie,0.000128,girl
230721,1981,Kylie,0.000128,girl
230722,1981,Robert,0.000128,girl
230723,1981,Shasta,0.000128,girl
230724,1981,Ariel,0.000128,girl
230725,1981,Jaimie,0.000128,girl
230726,1981,Malissa,0.000128,girl
230727,1981,Terry,0.000128,girl
230728,1981,Mellissa,0.000127,girl
230729,1981,Ronda,0.000127,girl
230730,1981,Tamra,0.000127,girl
230731,1981,June,0.000126,girl
230732,1981,Louise,0.000126,girl
230733,1981,Renata,0.000125,girl
230734,1981,Shantel,0.000125,girl
230735,1981,Sommer,0.000125,girl
230736,1981,Stella,0.000125,girl
230737,1981,Yadira,0.000125,girl
230738,1981,Alexa,0.000125,girl
230739,1981,David,0.000125,girl
230740,1981,Annmarie,0.000124,girl
230741,1981,Danelle,0.000124,girl
230742,1981,Elaina,0.000124,girl
230743,1981,Leila,0.000124,girl
230744,1981,Casie,0.000124,girl
230745,1981,Holli,0.000124,girl
230746,1981,Lily,0.000124,girl
230747,1981,Brandon,0.000123,girl
230748,1981,Lindy,0.000123,girl
230749,1981,Cora,0.000123,girl
230750,1981,Eve,0.000123,girl
230751,1981,Fatima,0.000123,girl
230752,1981,Gillian,0.000123,girl
230753,1981,Helena,0.000123,girl
230754,1981,Starla,0.000122,girl
230755,1981,Tatiana,0.000122,girl
230756,1981,Adrianna,0.000121,girl
230757,1981,Britney,0.000121,girl
230758,1981,Octavia,0.000121,girl
230759,1981,Shayna,0.000121,girl
230760,1981,Mariana,0.000121,girl
230761,1981,Karyn,0.00012,girl
230762,1981,Rosemarie,0.00012,girl
230763,1981,Carina,0.000119,girl
230764,1981,Cory,0.000119,girl
230765,1981,Siobhan,0.000119,girl
230766,1981,Chrissy,0.000119,girl
230767,1981,Daniel,0.000119,girl
230768,1981,Gena,0.000119,girl
230769,1981,Jeri,0.000119,girl
230770,1981,Tarah,0.000119,girl
230771,1981,Aileen,0.000118,girl
230772,1981,Ami,0.000118,girl
230773,1981,Aurora,0.000118,girl
230774,1981,Deirdre,0.000118,girl
230775,1981,Evita,0.000118,girl
230776,1981,Kaitlin,0.000118,girl
230777,1981,Marion,0.000118,girl
230778,1981,Mellisa,0.000118,girl
230779,1981,Bertha,0.000117,girl
230780,1981,Eboni,0.000117,girl
230781,1981,Greta,0.000117,girl
230782,1981,Syreeta,0.000117,girl
230783,1981,Alesha,0.000116,girl
230784,1981,Lakeshia,0.000116,girl
230785,1981,Rikki,0.000116,girl
230786,1981,Shonda,0.000116,girl
230787,1981,Corrine,0.000115,girl
230788,1981,Fawn,0.000115,girl
230789,1981,Ida,0.000115,girl
230790,1981,Janae,0.000115,girl
230791,1981,Charmaine,0.000114,girl
230792,1981,Marian,0.000114,girl
230793,1981,Martine,0.000114,girl
230794,1981,Bambi,0.000114,girl
230795,1981,Darci,0.000114,girl
230796,1981,Kandi,0.000113,girl
230797,1981,Kathrine,0.000113,girl
230798,1981,Leilani,0.000113,girl
230799,1981,Candis,0.000112,girl
230800,1981,Kristan,0.000112,girl
230801,1981,Matthew,0.000112,girl
230802,1981,Shante,0.000112,girl
230803,1981,Mari,0.000111,girl
230804,1981,Sunshine,0.000111,girl
230805,1981,Tawana,0.000111,girl
230806,1981,Lourdes,0.000111,girl
230807,1981,Venessa,0.000111,girl
230808,1981,Cathleen,0.00011,girl
230809,1981,Juana,0.00011,girl
230810,1981,Kacey,0.00011,girl
230811,1981,Kendall,0.00011,girl
230812,1981,Laquita,0.00011,girl
230813,1981,Niki,0.00011,girl
230814,1981,John,0.000109,girl
230815,1981,Rebeca,0.000109,girl
230816,1981,Richelle,0.000109,girl
230817,1981,Adriane,0.000109,girl
230818,1981,Harmony,0.000109,girl
230819,1981,Jamila,0.000109,girl
230820,1981,Rosanna,0.000109,girl
230821,1981,Jada,0.000107,girl
230822,1981,Kerrie,0.000107,girl
230823,1981,Kori,0.000107,girl
230824,1981,Kesha,0.000107,girl
230825,1981,Marisela,0.000107,girl
230826,1981,Nikia,0.000107,girl
230827,1981,Starr,0.000107,girl
230828,1981,Kassandra,0.000106,girl
230829,1981,Shalonda,0.000106,girl
230830,1981,Chana,0.000106,girl
230831,1981,Chanda,0.000105,girl
230832,1981,Jeanna,0.000105,girl
230833,1981,Laci,0.000105,girl
230834,1981,Lois,0.000105,girl
230835,1981,Noel,0.000105,girl
230836,1981,Princess,0.000105,girl
230837,1981,Sierra,0.000105,girl
230838,1981,Graciela,0.000104,girl
230839,1981,Lorie,0.000104,girl
230840,1981,Salina,0.000104,girl
230841,1981,Sunny,0.000104,girl
230842,1981,Tanika,0.000104,girl
230843,1981,Jeannine,0.000104,girl
230844,1981,Joseph,0.000104,girl
230845,1981,Brandee,0.000103,girl
230846,1981,Jesica,0.000103,girl
230847,1981,Rosalie,0.000103,girl
230848,1981,Roxanna,0.000103,girl
230849,1981,Alexia,0.000102,girl
230850,1981,Lisette,0.000102,girl
230851,1981,Pearl,0.000102,girl
230852,1981,Phyllis,0.000102,girl
230853,1981,Janeen,0.000102,girl
230854,1981,Justin,0.000102,girl
230855,1981,Linsey,0.000102,girl
230856,1981,Toccara,0.000102,girl
230857,1981,Loren,0.000101,girl
230858,1981,Tenisha,0.000101,girl
230859,1981,Rosalyn,0.000101,girl
230860,1981,Shara,0.000101,girl
230861,1981,Tammi,0.000101,girl
230862,1981,Ada,0.0001,girl
230863,1981,Deanne,0.0001,girl
230864,1981,India,0.0001,girl
230865,1981,Latricia,0.0001,girl
230866,1981,Asia,0.0001,girl
230867,1981,Ella,0.0001,girl
230868,1981,Juliet,0.0001,girl
230869,1981,Melina,0.0001,girl
230870,1981,Mona,0.0001,girl
230871,1981,Davina,9.9e-05,girl
230872,1981,Johnna,9.9e-05,girl
230873,1981,Dianne,9.8e-05,girl
230874,1981,Jeanie,9.8e-05,girl
230875,1981,Lynne,9.8e-05,girl
230876,1981,Tomeka,9.8e-05,girl
230877,1981,Angeline,9.7e-05,girl
230878,1981,Viviana,9.7e-05,girl
230879,1981,Cameron,9.7e-05,girl
230880,1981,Eugenia,9.7e-05,girl
230881,1981,Georgina,9.7e-05,girl
230882,1981,Shelia,9.7e-05,girl
230883,1981,Alysia,9.6e-05,girl
230884,1981,Tamera,9.6e-05,girl
230885,1981,Deena,9.6e-05,girl
230886,1981,Stacia,9.6e-05,girl
230887,1981,William,9.6e-05,girl
230888,1981,Meghann,9.5e-05,girl
230889,1981,Ursula,9.5e-05,girl
230890,1981,Bernice,9.5e-05,girl
230891,1981,Nakisha,9.5e-05,girl
230892,1981,Magdalena,9.4e-05,girl
230893,1981,Annemarie,9.3e-05,girl
230894,1981,Bree,9.3e-05,girl
230895,1981,Charissa,9.3e-05,girl
230896,1981,Desirae,9.3e-05,girl
230897,1981,Latoyia,9.3e-05,girl
230898,1981,Tashina,9.3e-05,girl
230899,1981,Anya,9.3e-05,girl
230900,1981,Chaya,9.3e-05,girl
230901,1981,Josefina,9.3e-05,girl
230902,1981,Justina,9.3e-05,girl
230903,1981,Lynnette,9.3e-05,girl
230904,1981,Shanita,9.3e-05,girl
230905,1981,Consuelo,9.2e-05,girl
230906,1981,Lizette,9.2e-05,girl
230907,1981,Tyra,9.2e-05,girl
230908,1981,Alycia,9.2e-05,girl
230909,1981,Cheyenne,9.2e-05,girl
230910,1981,Francisca,9.2e-05,girl
230911,1981,Jan,9.2e-05,girl
230912,1981,Joi,9.2e-05,girl
230913,1981,Kay,9.2e-05,girl
230914,1981,Micah,9.2e-05,girl
230915,1981,Sandi,9.2e-05,girl
230916,1981,Susanne,9.2e-05,girl
230917,1981,Vera,9.2e-05,girl
230918,1981,Esperanza,9.1e-05,girl
230919,1981,Jenni,9.1e-05,girl
230920,1981,Latoria,9.1e-05,girl
230921,1981,Shanon,9.1e-05,girl
230922,1981,Tawanda,9.1e-05,girl
230923,1981,Therese,9.1e-05,girl
230924,1981,Daniella,9.1e-05,girl
230925,1981,Elvira,9.1e-05,girl
230926,1981,Iesha,9.1e-05,girl
230927,1981,Rosie,9.1e-05,girl
230928,1981,Shavonne,9.1e-05,girl
230929,1981,Colette,9e-05,girl
230930,1981,Felecia,9e-05,girl
230931,1981,Angelita,9e-05,girl
230932,1981,Jeana,9e-05,girl
230933,1981,Joelle,9e-05,girl
230934,1981,Stephenie,9e-05,girl
230935,1981,Suzanna,9e-05,girl
230936,1981,Chantelle,8.9e-05,girl
230937,1981,Cristal,8.9e-05,girl
230938,1981,Bettina,8.8e-05,girl
230939,1981,Jammie,8.8e-05,girl
230940,1981,Qiana,8.8e-05,girl
230941,1981,Ashlie,8.8e-05,girl
230942,1981,Cassidy,8.8e-05,girl
230943,1981,Latesha,8.8e-05,girl
230944,1981,Kyle,8.7e-05,girl
230945,1981,Natosha,8.7e-05,girl
230946,1981,Nikole,8.7e-05,girl
230947,1981,Julianna,8.7e-05,girl
230948,1981,Keely,8.7e-05,girl
230949,1981,Lynsey,8.7e-05,girl
230950,1981,Mildred,8.7e-05,girl
230951,1981,Perla,8.7e-05,girl
230952,1981,Delores,8.6e-05,girl
230953,1981,Florence,8.6e-05,girl
230954,1981,Sydney,8.6e-05,girl
230955,1981,Aaron,8.6e-05,girl
230956,1981,Gwen,8.6e-05,girl
230957,1981,Jonathan,8.6e-05,girl
230958,1981,Katelyn,8.6e-05,girl
230959,1981,Chiquita,8.5e-05,girl
230960,1981,Danica,8.5e-05,girl
230961,1981,Francis,8.5e-05,girl
230962,1981,Kandace,8.5e-05,girl
230963,1981,Leona,8.5e-05,girl
230964,1981,Renita,8.5e-05,girl
230965,1981,Shellie,8.5e-05,girl
230966,1981,Thelma,8.5e-05,girl
230967,1981,Trista,8.5e-05,girl
230968,1981,Adria,8.5e-05,girl
230969,1981,Cecelia,8.5e-05,girl
230970,1981,Lashawn,8.5e-05,girl
230971,1981,Malia,8.5e-05,girl
230972,1981,Shanell,8.5e-05,girl
230973,1981,Shawanda,8.5e-05,girl
230974,1981,Venus,8.5e-05,girl
230975,1981,Jerri,8.4e-05,girl
230976,1981,Katina,8.4e-05,girl
230977,1981,Kyra,8.4e-05,girl
230978,1981,Letitia,8.4e-05,girl
230979,1981,Rae,8.4e-05,girl
230980,1981,Shannan,8.4e-05,girl
230981,1981,Ginny,8.3e-05,girl
230982,1981,Kourtney,8.3e-05,girl
230983,1981,Lila,8.3e-05,girl
230984,1981,Nereida,8.3e-05,girl
230985,1981,Reyna,8.3e-05,girl
230986,1981,Jayne,8.3e-05,girl
230987,1981,Lissette,8.3e-05,girl
230988,1981,Margie,8.3e-05,girl
230989,1981,Michell,8.3e-05,girl
230990,1981,Brynn,8.2e-05,girl
230991,1981,Chimere,8.2e-05,girl
230992,1981,Regan,8.2e-05,girl
230993,1981,Tawnya,8.2e-05,girl
230994,1981,Violet,8.2e-05,girl
230995,1981,Alina,8.2e-05,girl
230996,1981,Gayle,8.2e-05,girl
230997,1981,Jazmin,8.2e-05,girl
230998,1981,Keli,8.2e-05,girl
230999,1981,Raina,8.2e-05,girl
231000,1982,Jennifer,0.031497,girl
231001,1982,Jessica,0.025062,girl
231002,1982,Amanda,0.018872,girl
231003,1982,Sarah,0.015709,girl
231004,1982,Melissa,0.01426,girl
231005,1982,Nicole,0.011969,girl
231006,1982,Stephanie,0.011504,girl
231007,1982,Elizabeth,0.011307,girl
231008,1982,Crystal,0.010536,girl
231009,1982,Amy,0.010365,girl
231010,1982,Michelle,0.009796,girl
231011,1982,Heather,0.009642,girl
231012,1982,Tiffany,0.009473,girl
231013,1982,Kimberly,0.008881,girl
231014,1982,Rebecca,0.008675,girl
231015,1982,Angela,0.008272,girl
231016,1982,Ashley,0.00819,girl
231017,1982,Amber,0.008095,girl
231018,1982,Christina,0.008009,girl
231019,1982,Erin,0.007919,girl
231020,1982,Rachel,0.007649,girl
231021,1982,Laura,0.007339,girl
231022,1982,Lisa,0.00697,girl
231023,1982,Emily,0.006903,girl
231024,1982,Kelly,0.006712,girl
231025,1982,Lauren,0.006387,girl
231026,1982,Andrea,0.006273,girl
231027,1982,Sara,0.006254,girl
231028,1982,Jamie,0.006089,girl
231029,1982,Mary,0.005984,girl
231030,1982,Danielle,0.005633,girl
231031,1982,April,0.005549,girl
231032,1982,Kristen,0.005259,girl
231033,1982,Megan,0.00525,girl
231034,1982,Erica,0.005154,girl
231035,1982,Katherine,0.005062,girl
231036,1982,Kristin,0.004816,girl
231037,1982,Shannon,0.004758,girl
231038,1982,Lindsay,0.004555,girl
231039,1982,Lindsey,0.004389,girl
231040,1982,Julie,0.004245,girl
231041,1982,Maria,0.004038,girl
231042,1982,Courtney,0.003912,girl
231043,1982,Samantha,0.003729,girl
231044,1982,Katie,0.003685,girl
231045,1982,Christine,0.003614,girl
231046,1982,Tara,0.003597,girl
231047,1982,Kathryn,0.003464,girl
231048,1982,Vanessa,0.003391,girl
231049,1982,Brandy,0.003353,girl
231050,1982,Natalie,0.003286,girl
231051,1982,Monica,0.00316,girl
231052,1982,Alicia,0.003095,girl
231053,1982,Jacqueline,0.003033,girl
231054,1982,Brandi,0.003017,girl
231055,1982,Anna,0.002902,girl
231056,1982,Carrie,0.002864,girl
231057,1982,Allison,0.002853,girl
231058,1982,Patricia,0.00285,girl
231059,1982,Leslie,0.002747,girl
231060,1982,Holly,0.002585,girl
231061,1982,Cassandra,0.002573,girl
231062,1982,Diana,0.002441,girl
231063,1982,Cynthia,0.002441,girl
231064,1982,Victoria,0.002346,girl
231065,1982,Melanie,0.002345,girl
231066,1982,Dana,0.002335,girl
231067,1982,Kristina,0.002288,girl
231068,1982,Karen,0.002286,girl
231069,1982,Veronica,0.002285,girl
231070,1982,Natasha,0.002278,girl
231071,1982,Stacy,0.002261,girl
231072,1982,Catherine,0.002258,girl
231073,1982,Misty,0.002243,girl
231074,1982,Valerie,0.002198,girl
231075,1982,Susan,0.002185,girl
231076,1982,Kathleen,0.002178,girl
231077,1982,Candice,0.002093,girl
231078,1982,Leah,0.002075,girl
231079,1982,Sandra,0.00201,girl
231080,1982,Erika,0.00198,girl
231081,1982,Pamela,0.001956,girl
231082,1982,Krystal,0.001933,girl
231083,1982,Julia,0.001928,girl
231084,1982,Stacey,0.001909,girl
231085,1982,Heidi,0.001871,girl
231086,1982,Katrina,0.001832,girl
231087,1982,Tracy,0.001813,girl
231088,1982,Jill,0.001804,girl
231089,1982,Tina,0.001775,girl
231090,1982,Latoya,0.001765,girl
231091,1982,Brooke,0.001738,girl
231092,1982,Alexis,0.001721,girl
231093,1982,Brittany,0.001711,girl
231094,1982,Dawn,0.001704,girl
231095,1982,Jillian,0.001685,girl
231096,1982,Margaret,0.001652,girl
231097,1982,Lori,0.001644,girl
231098,1982,Nichole,0.001611,girl
231099,1982,Denise,0.001595,girl
231100,1982,Renee,0.001593,girl
231101,1982,Teresa,0.001589,girl
231102,1982,Candace,0.001572,girl
231103,1982,Kristy,0.001568,girl
231104,1982,Wendy,0.001554,girl
231105,1982,Nancy,0.001543,girl
231106,1982,Linda,0.001538,girl
231107,1982,Robin,0.001527,girl
231108,1982,Theresa,0.001517,girl
231109,1982,Meghan,0.001509,girl
231110,1982,Alison,0.001502,girl
231111,1982,Bethany,0.001496,girl
231112,1982,Kara,0.001469,girl
231113,1982,Tanya,0.001435,girl
231114,1982,Christy,0.001432,girl
231115,1982,Monique,0.001417,girl
231116,1982,Miranda,0.001389,girl
231117,1982,Brenda,0.001388,girl
231118,1982,Casey,0.001366,girl
231119,1982,Rachael,0.001363,girl
231120,1982,Jenny,0.001352,girl
231121,1982,Anne,0.001348,girl
231122,1982,Melinda,0.001327,girl
231123,1982,Lacey,0.001314,girl
231124,1982,Gina,0.001314,girl
231125,1982,Tonya,0.00131,girl
231126,1982,Kelli,0.001308,girl
231127,1982,Sabrina,0.001304,girl
231128,1982,Tamara,0.001302,girl
231129,1982,Barbara,0.001292,girl
231130,1982,Molly,0.001278,girl
231131,1982,Ebony,0.001257,girl
231132,1982,Kayla,0.001255,girl
231133,1982,Tammy,0.001249,girl
231134,1982,Michele,0.001228,girl
231135,1982,Kari,0.001226,girl
231136,1982,Jaime,0.001209,girl
231137,1982,Cassie,0.001209,girl
231138,1982,Kristi,0.001183,girl
231139,1982,Colleen,0.001182,girl
231140,1982,Jaclyn,0.001182,girl
231141,1982,Desiree,0.001155,girl
231142,1982,Rebekah,0.001136,girl
231143,1982,Sharon,0.001118,girl
231144,1982,Alisha,0.00111,girl
231145,1982,Carolyn,0.001109,girl
231146,1982,Bridget,0.001107,girl
231147,1982,Beth,0.001103,girl
231148,1982,Sheena,0.001079,girl
231149,1982,Meredith,0.001077,girl
231150,1982,Stefanie,0.001075,girl
231151,1982,Tabitha,0.001068,girl
231152,1982,Latasha,0.00106,girl
231153,1982,Ann,0.001059,girl
231154,1982,Marie,0.001059,girl
231155,1982,Deanna,0.001045,girl
231156,1982,Tasha,0.001039,girl
231157,1982,Abigail,0.001038,girl
231158,1982,Cheryl,0.001034,girl
231159,1982,Deborah,0.001017,girl
231160,1982,Joanna,0.001013,girl
231161,1982,Shawna,0.000976,girl
231162,1982,Kendra,0.000972,girl
231163,1982,Virginia,0.000971,girl
231164,1982,Carla,0.000971,girl
231165,1982,Angel,0.000962,girl
231166,1982,Cindy,0.000955,girl
231167,1982,Adrienne,0.000953,girl
231168,1982,Chelsea,0.000946,girl
231169,1982,Morgan,0.000946,girl
231170,1982,Mandy,0.000945,girl
231171,1982,Regina,0.000945,girl
231172,1982,Krista,0.000935,girl
231173,1982,Suzanne,0.000897,girl
231174,1982,Hannah,0.00087,girl
231175,1982,Jodi,0.000865,girl
231176,1982,Audrey,0.00085,girl
231177,1982,Caroline,0.000847,girl
231178,1982,Donna,0.000843,girl
231179,1982,Marissa,0.000839,girl
231180,1982,Alexandra,0.000838,girl
231181,1982,Janet,0.000827,girl
231182,1982,Angelica,0.000824,girl
231183,1982,Priscilla,0.000821,girl
231184,1982,Whitney,0.000814,girl
231185,1982,Trisha,0.000804,girl
231186,1982,Aimee,0.0008,girl
231187,1982,Martha,0.000799,girl
231188,1982,Jasmine,0.000797,girl
231189,1982,Claudia,0.000793,girl
231190,1982,Jacquelyn,0.000792,girl
231191,1982,Yolanda,0.000792,girl
231192,1982,Nina,0.000787,girl
231193,1982,Felicia,0.000787,girl
231194,1982,Autumn,0.000786,girl
231195,1982,Cristina,0.000784,girl
231196,1982,Evelyn,0.000759,girl
231197,1982,Toni,0.000755,girl
231198,1982,Bonnie,0.000755,girl
231199,1982,Ana,0.000747,girl
231200,1982,Diane,0.000744,girl
231201,1982,Kate,0.000739,girl
231202,1982,Joy,0.000737,girl
231203,1982,Cara,0.000732,girl
231204,1982,Paula,0.000732,girl
231205,1982,Mindy,0.000728,girl
231206,1982,Carmen,0.000725,girl
231207,1982,Debra,0.000725,girl
231208,1982,Robyn,0.000725,girl
231209,1982,Abby,0.000716,girl
231210,1982,Summer,0.000694,girl
231211,1982,Carly,0.000689,girl
231212,1982,Janelle,0.000687,girl
231213,1982,Kristine,0.00068,girl
231214,1982,Naomi,0.000673,girl
231215,1982,Shanna,0.000668,girl
231216,1982,Rosa,0.000663,girl
231217,1982,Kellie,0.000659,girl
231218,1982,Caitlin,0.000657,girl
231219,1982,Laurie,0.000652,girl
231220,1982,Tia,0.000652,girl
231221,1982,Adriana,0.000648,girl
231222,1982,Ruth,0.000648,girl
231223,1982,Sophia,0.000639,girl
231224,1982,Jessie,0.000631,girl
231225,1982,Shelly,0.000627,girl
231226,1982,Rhonda,0.000624,girl
231227,1982,Olivia,0.000619,girl
231228,1982,Melody,0.000614,girl
231229,1982,Alyssa,0.000612,girl
231230,1982,Sheila,0.000606,girl
231231,1982,Marisa,0.000605,girl
231232,1982,Rose,0.000604,girl
231233,1982,Terri,0.000601,girl
231234,1982,Randi,0.000599,girl
231235,1982,Nikki,0.000592,girl
231236,1982,Gloria,0.000592,girl
231237,1982,Charlene,0.000583,girl
231238,1982,Tamika,0.000583,girl
231239,1982,Lydia,0.000579,girl
231240,1982,Sherry,0.000577,girl
231241,1982,Sonia,0.000577,girl
231242,1982,Christie,0.000574,girl
231243,1982,Kerri,0.000568,girl
231244,1982,Haley,0.000564,girl
231245,1982,Annie,0.00056,girl
231246,1982,Jenna,0.000558,girl
231247,1982,Anita,0.000557,girl
231248,1982,Sonya,0.000556,girl
231249,1982,Yvonne,0.000555,girl
231250,1982,Kelley,0.000554,girl
231251,1982,Ellen,0.000553,girl
231252,1982,Lacy,0.000544,girl
231253,1982,Keri,0.000542,girl
231254,1982,Sylvia,0.00054,girl
231255,1982,Shauna,0.000536,girl
231256,1982,Leticia,0.000532,girl
231257,1982,Leigh,0.000528,girl
231258,1982,Karla,0.000528,girl
231259,1982,Katharine,0.000524,girl
231260,1982,Bobbie,0.000523,girl
231261,1982,Carol,0.000522,girl
231262,1982,Grace,0.000521,girl
231263,1982,Jeanette,0.000518,girl
231264,1982,Kristie,0.000518,girl
231265,1982,Kerry,0.000517,girl
231266,1982,Esther,0.000515,girl
231267,1982,Traci,0.000508,girl
231268,1982,Krystle,0.000505,girl
231269,1982,Maureen,0.000503,girl
231270,1982,Frances,0.000498,girl
231271,1982,Tracey,0.000495,girl
231272,1982,Kira,0.000492,girl
231273,1982,Brianna,0.000489,girl
231274,1982,Rachelle,0.000488,girl
231275,1982,Janice,0.000486,girl
231276,1982,Roxanne,0.000485,girl
231277,1982,Kathy,0.000483,girl
231278,1982,Helen,0.000482,girl
231279,1982,Stacie,0.000479,girl
231280,1982,Raquel,0.000478,girl
231281,1982,Yvette,0.000477,girl
231282,1982,Annette,0.000475,girl
231283,1982,Charity,0.000473,girl
231284,1982,Latisha,0.000472,girl
231285,1982,Angelina,0.000469,girl
231286,1982,Shelley,0.000467,girl
231287,1982,Jana,0.000465,girl
231288,1982,Juanita,0.000465,girl
231289,1982,Eva,0.000465,girl
231290,1982,Jane,0.000462,girl
231291,1982,Meagan,0.000462,girl
231292,1982,Jennie,0.000461,girl
231293,1982,Brandie,0.00046,girl
231294,1982,Lynn,0.00046,girl
231295,1982,Amelia,0.000459,girl
231296,1982,Lesley,0.000459,girl
231297,1982,Dorothy,0.000457,girl
231298,1982,Claire,0.000448,girl
231299,1982,Ashlee,0.000447,girl
231300,1982,Rochelle,0.000447,girl
231301,1982,Amie,0.000445,girl
231302,1982,Miriam,0.000445,girl
231303,1982,Elisabeth,0.000442,girl
231304,1982,Tabatha,0.000441,girl
231305,1982,Becky,0.000441,girl
231306,1982,Johanna,0.000438,girl
231307,1982,Chrystal,0.000438,girl
231308,1982,Kelsey,0.000436,girl
231309,1982,Alissa,0.000435,girl
231310,1982,Charlotte,0.000435,girl
231311,1982,Constance,0.000429,girl
231312,1982,Elaine,0.000429,girl
231313,1982,Bianca,0.000427,girl
231314,1982,Irene,0.000426,girl
231315,1982,Jolene,0.000424,girl
231316,1982,Sandy,0.000419,girl
231317,1982,Tanisha,0.000418,girl
231318,1982,Jami,0.000418,girl
231319,1982,Jackie,0.000417,girl
231320,1982,Brianne,0.000415,girl
231321,1982,Hillary,0.000415,girl
231322,1982,Patrice,0.000412,girl
231323,1982,Gretchen,0.000412,girl
231324,1982,Tricia,0.000412,girl
231325,1982,Alice,0.000411,girl
231326,1982,Jocelyn,0.000408,girl
231327,1982,Kirsten,0.000408,girl
231328,1982,Angie,0.000405,girl
231329,1982,Chasity,0.000404,girl
231330,1982,Latonya,0.000404,girl
231331,1982,Brittney,0.0004,girl
231332,1982,Kasey,0.0004,girl
231333,1982,Jenifer,0.000398,girl
231334,1982,Carissa,0.000393,girl
231335,1982,Elisa,0.000393,girl
231336,1982,Lakisha,0.000392,girl
231337,1982,Judith,0.000391,girl
231338,1982,Alana,0.00039,girl
231339,1982,Rita,0.00039,girl
231340,1982,Briana,0.000388,girl
231341,1982,Shana,0.000383,girl
231342,1982,Antoinette,0.000379,girl
231343,1982,Bobbi,0.000379,girl
231344,1982,Faith,0.000378,girl
231345,1982,Tameka,0.000377,girl
231346,1982,Ginger,0.000376,girl
231347,1982,Jody,0.000374,girl
231348,1982,Belinda,0.00037,girl
231349,1982,Norma,0.000369,girl
231350,1982,Karina,0.000367,girl
231351,1982,Keisha,0.000367,girl
231352,1982,Joyce,0.000365,girl
231353,1982,Staci,0.000365,girl
231354,1982,Cecilia,0.000364,girl
231355,1982,Audra,0.000364,girl
231356,1982,Connie,0.000361,girl
231357,1982,Lorena,0.00036,girl
231358,1982,Tessa,0.000357,girl
231359,1982,Christa,0.000353,girl
231360,1982,Maribel,0.000353,girl
231361,1982,Gabrielle,0.000353,girl
231362,1982,Aubrey,0.000351,girl
231363,1982,Betty,0.00035,girl
231364,1982,Joanne,0.000349,girl
231365,1982,Lyndsey,0.000349,girl
231366,1982,Daisy,0.000349,girl
231367,1982,Sally,0.000349,girl
231368,1982,Camille,0.000347,girl
231369,1982,Lara,0.000346,girl
231370,1982,Sherri,0.000344,girl
231371,1982,Ruby,0.000343,girl
231372,1982,Judy,0.000338,girl
231373,1982,Jade,0.000338,girl
231374,1982,Elena,0.000337,girl
231375,1982,Fallon,0.000337,girl
231376,1982,Beverly,0.000335,girl
231377,1982,Taylor,0.000335,girl
231378,1982,Lakeisha,0.000334,girl
231379,1982,Christin,0.000334,girl
231380,1982,Hilary,0.000332,girl
231381,1982,Jean,0.000332,girl
231382,1982,Alma,0.000332,girl
231383,1982,Maggie,0.000331,girl
231384,1982,Celeste,0.000331,girl
231385,1982,Shirley,0.000329,girl
231386,1982,Ryan,0.000329,girl
231387,1982,Gabriela,0.000328,girl
231388,1982,Serena,0.000328,girl
231389,1982,Alexandria,0.000326,girl
231390,1982,Corinne,0.000324,girl
231391,1982,Joni,0.000324,girl
231392,1982,Ariel,0.000322,girl
231393,1982,Darlene,0.000322,girl
231394,1982,Ericka,0.000322,girl
231395,1982,Marilyn,0.000322,girl
231396,1982,Paige,0.000322,girl
231397,1982,Cortney,0.000321,girl
231398,1982,Kristal,0.000321,girl
231399,1982,Eileen,0.000321,girl
231400,1982,Jodie,0.00032,girl
231401,1982,Guadalupe,0.000319,girl
231402,1982,Leanne,0.000317,girl
231403,1982,Michael,0.000317,girl
231404,1982,Christen,0.000314,girl
231405,1982,Allyson,0.000311,girl
231406,1982,Katy,0.000311,girl
231407,1982,Janine,0.000309,girl
231408,1982,Nora,0.000309,girl
231409,1982,Emma,0.000308,girl
231410,1982,Marisol,0.000308,girl
231411,1982,Hope,0.000306,girl
231412,1982,Ashleigh,0.000304,girl
231413,1982,Mayra,0.000303,girl
231414,1982,Mia,0.000301,girl
231415,1982,Clarissa,0.000299,girl
231416,1982,Elisha,0.000297,girl
231417,1982,Tiffani,0.000297,girl
231418,1982,Hollie,0.000297,girl
231419,1982,Rosemary,0.000293,girl
231420,1982,Genevieve,0.000291,girl
231421,1982,Mandi,0.000289,girl
231422,1982,Terra,0.000288,girl
231423,1982,Esmeralda,0.000286,girl
231424,1982,Sheri,0.000284,girl
231425,1982,Billie,0.000284,girl
231426,1982,Alisa,0.000283,girl
231427,1982,Dianna,0.000283,girl
231428,1982,Lena,0.000283,girl
231429,1982,Joann,0.000281,girl
231430,1982,Laurel,0.00028,girl
231431,1982,Jayme,0.000279,girl
231432,1982,Leann,0.000279,girl
231433,1982,Shayla,0.000279,girl
231434,1982,Devon,0.000276,girl
231435,1982,Marsha,0.000273,girl
231436,1982,Hayley,0.000272,girl
231437,1982,Rosanna,0.000271,girl
231438,1982,Lora,0.000271,girl
231439,1982,Alejandra,0.00027,girl
231440,1982,Josephine,0.00027,girl
231441,1982,Cathy,0.000268,girl
231442,1982,Isabel,0.000268,girl
231443,1982,Lee,0.000268,girl
231444,1982,Blair,0.000267,girl
231445,1982,Aisha,0.000265,girl
231446,1982,Marlene,0.000265,girl
231447,1982,Chandra,0.000264,girl
231448,1982,Tracie,0.000262,girl
231449,1982,Lillian,0.000262,girl
231450,1982,Lorraine,0.00026,girl
231451,1982,Jordan,0.000259,girl
231452,1982,Raven,0.000259,girl
231453,1982,Destiny,0.000258,girl
231454,1982,Iris,0.000258,girl
231455,1982,Kim,0.000258,girl
231456,1982,Trina,0.000258,girl
231457,1982,Lucy,0.000257,girl
231458,1982,Teri,0.000257,girl
231459,1982,Alaina,0.000253,girl
231460,1982,Margarita,0.000253,girl
231461,1982,Angelique,0.000252,girl
231462,1982,Alyson,0.000251,girl
231463,1982,Marcia,0.000251,girl
231464,1982,Christi,0.00025,girl
231465,1982,Dena,0.000249,girl
231466,1982,Dominique,0.000248,girl
231467,1982,Taryn,0.000248,girl
231468,1982,Yesenia,0.000247,girl
231469,1982,Blanca,0.000247,girl
231470,1982,Kimberley,0.000246,girl
231471,1982,Nadia,0.000244,girl
231472,1982,Bridgette,0.000244,girl
231473,1982,Christian,0.000242,girl
231474,1982,Lashonda,0.000242,girl
231475,1982,Bernadette,0.000241,girl
231476,1982,Casandra,0.000241,girl
231477,1982,Elise,0.000241,girl
231478,1982,Sasha,0.00024,girl
231479,1982,Shelby,0.00024,girl
231480,1982,Christopher,0.000238,girl
231481,1982,Gwendolyn,0.000238,girl
231482,1982,Larissa,0.000238,girl
231483,1982,Melisa,0.000236,girl
231484,1982,Juliana,0.000235,girl
231485,1982,Adrianne,0.000233,girl
231486,1982,Arlene,0.000232,girl
231487,1982,Betsy,0.000232,girl
231488,1982,Callie,0.000231,girl
231489,1982,Lakesha,0.000231,girl
231490,1982,Jeannette,0.00023,girl
231491,1982,Loretta,0.000228,girl
231492,1982,Debbie,0.000227,girl
231493,1982,Jeanne,0.000227,girl
231494,1982,Kenya,0.000227,girl
231495,1982,Roberta,0.000227,girl
231496,1982,Adrian,0.000225,girl
231497,1982,Marianne,0.000225,girl
231498,1982,Tami,0.000223,girl
231499,1982,Tiffanie,0.000223,girl
231500,1982,Lyndsay,0.000222,girl
231501,1982,Marina,0.000222,girl
231502,1982,Shameka,0.000222,girl
231503,1982,Darcy,0.00022,girl
231504,1982,Susana,0.00022,girl
231505,1982,Tania,0.00022,girl
231506,1982,Cari,0.000218,girl
231507,1982,Carolina,0.000218,girl
231508,1982,Catrina,0.000218,girl
231509,1982,Liza,0.000217,girl
231510,1982,Lynette,0.000217,girl
231511,1982,Vivian,0.000217,girl
231512,1982,Cherie,0.000216,girl
231513,1982,Rhiannon,0.000216,girl
231514,1982,Selena,0.000215,girl
231515,1982,Candy,0.000214,girl
231516,1982,Tera,0.000213,girl
231517,1982,Janette,0.000212,girl
231518,1982,Nicolette,0.000212,girl
231519,1982,Lea,0.000212,girl
231520,1982,Jacklyn,0.00021,girl
231521,1982,Breanna,0.000209,girl
231522,1982,Penny,0.000209,girl
231523,1982,Abbey,0.000205,girl
231524,1982,Luz,0.000205,girl
231525,1982,Sonja,0.000205,girl
231526,1982,Jeannie,0.000204,girl
231527,1982,Kyla,0.000204,girl
231528,1982,Latrice,0.000204,girl
231529,1982,Jasmin,0.000204,girl
231530,1982,Liliana,0.000203,girl
231531,1982,Peggy,0.000203,girl
231532,1982,Ariana,0.000202,girl
231533,1982,Araceli,0.000201,girl
231534,1982,Elissa,0.000201,girl
231535,1982,Dina,0.000199,girl
231536,1982,Joan,0.000199,girl
231537,1982,Mariah,0.000199,girl
231538,1982,Cheri,0.000198,girl
231539,1982,Tiana,0.000198,girl
231540,1982,Toccara,0.000198,girl
231541,1982,Natalia,0.000197,girl
231542,1982,Dayna,0.000196,girl
231543,1982,Marjorie,0.000194,girl
231544,1982,Vicki,0.000193,girl
231545,1982,Christal,0.000191,girl
231546,1982,Silvia,0.00019,girl
231547,1982,Maya,0.000189,girl
231548,1982,Tatiana,0.000188,girl
231549,1982,Janie,0.000185,girl
231550,1982,Maranda,0.000185,girl
231551,1982,Wanda,0.000185,girl
231552,1982,Chantel,0.000184,girl
231553,1982,Lana,0.000184,girl
231554,1982,Nadine,0.000184,girl
231555,1982,Chanel,0.000184,girl
231556,1982,Lynda,0.000184,girl
231557,1982,Mollie,0.000182,girl
231558,1982,Myra,0.000182,girl
231559,1982,Marla,0.000181,girl
231560,1982,Janna,0.00018,girl
231561,1982,Misti,0.00018,girl
231562,1982,Athena,0.00018,girl
231563,1982,Latosha,0.000179,girl
231564,1982,Maryann,0.000179,girl
231565,1982,Kassandra,0.000179,girl
231566,1982,Clara,0.000178,girl
231567,1982,Chelsey,0.000178,girl
231568,1982,Shamika,0.000178,girl
231569,1982,Julianne,0.000177,girl
231570,1982,Shari,0.000177,girl
231571,1982,Dara,0.000177,girl
231572,1982,Kimberlee,0.000177,girl
231573,1982,Glenda,0.000176,girl
231574,1982,Irma,0.000175,girl
231575,1982,Lucia,0.000175,girl
231576,1982,Valarie,0.000175,girl
231577,1982,Brenna,0.000174,girl
231578,1982,James,0.000174,girl
231579,1982,Marcie,0.000174,girl
231580,1982,Tanika,0.000173,girl
231581,1982,Antonia,0.000173,girl
231582,1982,Justine,0.000173,girl
231583,1982,Noelle,0.000173,girl
231584,1982,Tosha,0.000172,girl
231585,1982,Breanne,0.000172,girl
231586,1982,Bridgett,0.000172,girl
231587,1982,Leanna,0.000171,girl
231588,1982,Shawn,0.000171,girl
231589,1982,Jesse,0.00017,girl
231590,1982,Janell,0.000169,girl
231591,1982,Beatriz,0.000169,girl
231592,1982,Gail,0.000169,girl
231593,1982,Marci,0.000168,girl
231594,1982,Mercedes,0.000167,girl
231595,1982,Ladonna,0.000167,girl
231596,1982,Rena,0.000167,girl
231597,1982,Racheal,0.000166,girl
231598,1982,Sheryl,0.000166,girl
231599,1982,Kacie,0.000165,girl
231600,1982,Marcella,0.000165,girl
231601,1982,Deana,0.000164,girl
231602,1982,Eliza,0.000164,girl
231603,1982,Lacie,0.000164,girl
231604,1982,Marcy,0.000164,girl
231605,1982,Edith,0.000163,girl
231606,1982,Noemi,0.000163,girl
231607,1982,Daphne,0.000163,girl
231608,1982,Karin,0.000163,girl
231609,1982,Leeann,0.000163,girl
231610,1982,Brynn,0.000162,girl
231611,1982,Ivy,0.000162,girl
231612,1982,Jeanine,0.000162,girl
231613,1982,Rocio,0.000162,girl
231614,1982,Talia,0.000162,girl
231615,1982,Gladys,0.000161,girl
231616,1982,Wendi,0.000161,girl
231617,1982,Kristyn,0.00016,girl
231618,1982,Malinda,0.00016,girl
231619,1982,Alanna,0.000159,girl
231620,1982,Beatrice,0.000159,girl
231621,1982,Marlena,0.000159,girl
231622,1982,Anastasia,0.000159,girl
231623,1982,Daniela,0.000159,girl
231624,1982,Maritza,0.000158,girl
231625,1982,Olga,0.000158,girl
231626,1982,Selina,0.000158,girl
231627,1982,Shanika,0.000158,girl
231628,1982,Candi,0.000158,girl
231629,1982,Chastity,0.000157,girl
231630,1982,Deidre,0.000157,girl
231631,1982,Michaela,0.000157,girl
231632,1982,Tiara,0.000157,girl
231633,1982,Ramona,0.000157,girl
231634,1982,Georgia,0.000156,girl
231635,1982,Janel,0.000156,girl
231636,1982,Eboni,0.000156,girl
231637,1982,Corina,0.000155,girl
231638,1982,Maura,0.000154,girl
231639,1982,Dolores,0.000153,girl
231640,1982,Sheree,0.000153,girl
231641,1982,Britney,0.000153,girl
231642,1982,Sherrie,0.000153,girl
231643,1982,Simone,0.000153,girl
231644,1982,Kendall,0.000152,girl
231645,1982,Meaghan,0.000152,girl
231646,1982,Rene,0.000152,girl
231647,1982,Sadie,0.000152,girl
231648,1982,Abbie,0.000152,girl
231649,1982,Francesca,0.000152,girl
231650,1982,Josie,0.000151,girl
231651,1982,Matthew,0.000151,girl
231652,1982,Corey,0.000151,girl
231653,1982,Dora,0.000151,girl
231654,1982,Jason,0.000151,girl
231655,1982,Renae,0.000151,girl
231656,1982,Doris,0.00015,girl
231657,1982,Emilie,0.00015,girl
231658,1982,Precious,0.00015,girl
231659,1982,Ingrid,0.000149,girl
231660,1982,Kaleena,0.000149,girl
231661,1982,Kia,0.000149,girl
231662,1982,Jo,0.000148,girl
231663,1982,Tonia,0.000148,girl
231664,1982,Celina,0.000147,girl
231665,1982,Linsey,0.000147,girl
231666,1982,Martina,0.000147,girl
231667,1982,Alecia,0.000147,girl
231668,1982,Deirdre,0.000146,girl
231669,1982,Karissa,0.000146,girl
231670,1982,Andria,0.000146,girl
231671,1982,Cori,0.000146,girl
231672,1982,Eleanor,0.000146,girl
231673,1982,Aja,0.000145,girl
231674,1982,Loni,0.000145,girl
231675,1982,Kandice,0.000143,girl
231676,1982,Madeline,0.000143,girl
231677,1982,Tierra,0.000143,girl
231678,1982,Brook,0.000143,girl
231679,1982,Darla,0.000142,girl
231680,1982,Celia,0.000142,girl
231681,1982,Deidra,0.000142,girl
231682,1982,Sharonda,0.000142,girl
231683,1982,Cristin,0.000141,girl
231684,1982,Pauline,0.000141,girl
231685,1982,Daniel,0.000141,girl
231686,1982,Louise,0.000141,girl
231687,1982,Shantel,0.000141,girl
231688,1982,Susanna,0.000141,girl
231689,1982,Carey,0.00014,girl
231690,1982,Lawanda,0.00014,girl
231691,1982,Lynsey,0.00014,girl
231692,1982,Rosemarie,0.00014,girl
231693,1982,Gillian,0.00014,girl
231694,1982,Kaitlin,0.00014,girl
231695,1982,Devin,0.000139,girl
231696,1982,Mackenzie,0.000138,girl
231697,1982,Maricela,0.000138,girl
231698,1982,Octavia,0.000138,girl
231699,1982,Tisha,0.000138,girl
231700,1982,Ashlie,0.000138,girl
231701,1982,Tammie,0.000138,girl
231702,1982,David,0.000137,girl
231703,1982,Kacey,0.000137,girl
231704,1982,Karrie,0.000137,girl
231705,1982,Laci,0.000137,girl
231706,1982,Geneva,0.000136,girl
231707,1982,Cristy,0.000135,girl
231708,1982,Jenelle,0.000135,girl
231709,1982,Kylie,0.000135,girl
231710,1982,Lucinda,0.000135,girl
231711,1982,Sondra,0.000134,girl
231712,1982,Alexia,0.000134,girl
231713,1982,Fatima,0.000134,girl
231714,1982,Helena,0.000134,girl
231715,1982,Joshua,0.000134,girl
231716,1982,Syreeta,0.000134,girl
231717,1982,Desirae,0.000133,girl
231718,1982,Aurora,0.000132,girl
231719,1982,Georgina,0.000132,girl
231720,1982,Latanya,0.000132,girl
231721,1982,Carina,0.000132,girl
231722,1982,Katelyn,0.000132,girl
231723,1982,Mara,0.000132,girl
231724,1982,Sofia,0.000132,girl
231725,1982,Cora,0.000131,girl
231726,1982,Lashanda,0.000131,girl
231727,1982,Shanda,0.00013,girl
231728,1982,John,0.000129,girl
231729,1982,Adrianna,0.000129,girl
231730,1982,Robert,0.000129,girl
231731,1982,Terry,0.000129,girl
231732,1982,Marian,0.000128,girl
231733,1982,Nakia,0.000128,girl
231734,1982,Yadira,0.000127,girl
231735,1982,Adriane,0.000127,girl
231736,1982,Corrie,0.000127,girl
231737,1982,Casie,0.000126,girl
231738,1982,Corrine,0.000126,girl
231739,1982,Rosalinda,0.000126,girl
231740,1982,Siobhan,0.000126,girl
231741,1982,Sherita,0.000125,girl
231742,1982,Asia,0.000125,girl
231743,1982,Jeri,0.000124,girl
231744,1982,Quiana,0.000124,girl
231745,1982,Francine,0.000124,girl
231746,1982,Delia,0.000123,girl
231747,1982,Kristan,0.000123,girl
231748,1982,Lourdes,0.000122,girl
231749,1982,Margo,0.000122,girl
231750,1982,Holli,0.000122,girl
231751,1982,Alesha,0.000121,girl
231752,1982,Princess,0.000121,girl
231753,1982,Demetria,0.000121,girl
231754,1982,Cassidy,0.00012,girl
231755,1982,Kami,0.00012,girl
231756,1982,Kisha,0.00012,girl
231757,1982,Ronda,0.00012,girl
231758,1982,Stella,0.00012,girl
231759,1982,Tanesha,0.00012,girl
231760,1982,Jamila,0.00012,girl
231761,1982,Kala,0.00012,girl
231762,1982,Hilda,0.000119,girl
231763,1982,Janae,0.000119,girl
231764,1982,Shayna,0.000119,girl
231765,1982,Candis,0.000118,girl
231766,1982,Edna,0.000118,girl
231767,1982,Vickie,0.000118,girl
231768,1982,Alexa,0.000118,girl
231769,1982,Tori,0.000118,girl
231770,1982,Aileen,0.000117,girl
231771,1982,Elaina,0.000117,girl
231772,1982,June,0.000117,girl
231773,1982,Vicky,0.000117,girl
231774,1982,Cody,0.000116,girl
231775,1982,Malissa,0.000116,girl
231776,1982,Marion,0.000116,girl
231777,1982,Sue,0.000116,girl
231778,1982,Leila,0.000116,girl
231779,1982,Shara,0.000116,girl
231780,1982,Brandee,0.000115,girl
231781,1982,Sierra,0.000115,girl
231782,1982,Tamra,0.000115,girl
231783,1982,Angelia,0.000114,girl
231784,1982,Danelle,0.000114,girl
231785,1982,Lily,0.000114,girl
231786,1982,Elsa,0.000113,girl
231787,1982,Ida,0.000113,girl
231788,1982,Lindy,0.000113,girl
231789,1982,Tarah,0.000113,girl
231790,1982,Annmarie,0.000113,girl
231791,1982,Kyra,0.000113,girl
231792,1982,Shanta,0.000113,girl
231793,1982,Cristal,0.000112,girl
231794,1982,Laquita,0.000112,girl
231795,1982,Cathleen,0.000111,girl
231796,1982,Julianna,0.000111,girl
231797,1982,Kassie,0.000111,girl
231798,1982,Mari,0.000111,girl
231799,1982,Melina,0.000111,girl
231800,1982,Charmaine,0.000111,girl
231801,1982,Justin,0.000111,girl
231802,1982,Shalonda,0.000111,girl
231803,1982,Brandon,0.00011,girl
231804,1982,Cameron,0.00011,girl
231805,1982,Marta,0.00011,girl
231806,1982,Lizette,0.000109,girl
231807,1982,Venessa,0.000109,girl
231808,1982,Mellissa,0.000109,girl
231809,1982,Jessi,0.000108,girl
231810,1982,Joseph,0.000108,girl
231811,1982,Jada,0.000108,girl
231812,1982,Magdalena,0.000108,girl
231813,1982,Rosalie,0.000108,girl
231814,1982,Loren,0.000107,girl
231815,1982,Shavon,0.000107,girl
231816,1982,Lorie,0.000106,girl
231817,1982,Colette,0.000106,girl
231818,1982,Jenilee,0.000106,girl
231819,1982,Jenni,0.000106,girl
231820,1982,Salina,0.000106,girl
231821,1982,Shasta,0.000106,girl
231822,1982,Cheyenne,0.000105,girl
231823,1982,Eve,0.000105,girl
231824,1982,Jaimie,0.000105,girl
231825,1982,Jeanna,0.000105,girl
231826,1982,Lakeshia,0.000105,girl
231827,1982,Monika,0.000105,girl
231828,1982,Emilee,0.000104,girl
231829,1982,Gena,0.000104,girl
231830,1982,Kyle,0.000104,girl
231831,1982,Pearl,0.000104,girl
231832,1982,Rikki,0.000104,girl
231833,1982,Deena,0.000103,girl
231834,1982,Juana,0.000103,girl
231835,1982,Kori,0.000103,girl
231836,1982,Susie,0.000103,girl
231837,1982,Bertha,0.000103,girl
231838,1982,Cassondra,0.000103,girl
231839,1982,Griselda,0.000103,girl
231840,1982,Caryn,0.000102,girl
231841,1982,Shaina,0.000102,girl
231842,1982,Chana,0.000102,girl
231843,1982,Chiquita,0.000102,girl
231844,1982,Harmony,0.000102,girl
231845,1982,Shonda,0.000102,girl
231846,1982,Tawana,0.000102,girl
231847,1982,Clare,0.000101,girl
231848,1982,Keely,0.000101,girl
231849,1982,Roxanna,0.000101,girl
231850,1982,Ami,0.0001,girl
231851,1982,Chloe,0.0001,girl
231852,1982,Darci,0.0001,girl
231853,1982,Mellisa,0.0001,girl
231854,1982,Sommer,0.0001,girl
231855,1982,Tana,0.0001,girl
231856,1982,Shante,0.0001,girl
231857,1982,Afton,9.9e-05,girl
231858,1982,Chantal,9.9e-05,girl
231859,1982,Dionne,9.9e-05,girl
231860,1982,Noel,9.9e-05,girl
231861,1982,Shakira,9.9e-05,girl
231862,1982,Sunny,9.9e-05,girl
231863,1982,Jena,9.8e-05,girl
231864,1982,Jesica,9.8e-05,girl
231865,1982,Phyllis,9.8e-05,girl
231866,1982,Tenisha,9.8e-05,girl
231867,1982,William,9.8e-05,girl
231868,1982,Ciara,9.8e-05,girl
231869,1982,Cory,9.8e-05,girl
231870,1982,Graciela,9.8e-05,girl
231871,1982,Ivory,9.8e-05,girl
231872,1982,Rosalyn,9.8e-05,girl
231873,1982,Letitia,9.7e-05,girl
231874,1982,Niki,9.7e-05,girl
231875,1982,Roxana,9.7e-05,girl
231876,1982,Dianne,9.7e-05,girl
231877,1982,Ella,9.7e-05,girl
231878,1982,Joanie,9.7e-05,girl
231879,1982,Kathrine,9.7e-05,girl
231880,1982,Mariana,9.7e-05,girl
231881,1982,Mildred,9.7e-05,girl
231882,1982,Bernice,9.6e-05,girl
231883,1982,Leilani,9.6e-05,girl
231884,1982,Lois,9.6e-05,girl
231885,1982,Jeana,9.5e-05,girl
231886,1982,Jeanie,9.5e-05,girl
231887,1982,Juliet,9.5e-05,girl
231888,1982,Kesha,9.5e-05,girl
231889,1982,Rebeca,9.5e-05,girl
231890,1982,Stacia,9.5e-05,girl
231891,1982,Stephenie,9.5e-05,girl
231892,1982,Hailey,9.4e-05,girl
231893,1982,Ada,9.3e-05,girl
231894,1982,Angeline,9.3e-05,girl
231895,1982,Eugenia,9.3e-05,girl
231896,1982,Justina,9.3e-05,girl
231897,1982,Shanita,9.3e-05,girl
231898,1982,Suzanna,9.3e-05,girl
231899,1982,Cecelia,9.3e-05,girl
231900,1982,Daniella,9.3e-05,girl
231901,1982,Jonathan,9.3e-05,girl
231902,1982,Shelia,9.3e-05,girl
231903,1982,Annemarie,9.2e-05,girl
231904,1982,Eunice,9.2e-05,girl
231905,1982,Greta,9.2e-05,girl
231906,1982,Jeannine,9.2e-05,girl
231907,1982,Lynne,9.2e-05,girl
231908,1982,Joelle,9.2e-05,girl
231909,1982,Kali,9.2e-05,girl
231910,1982,Kati,9.2e-05,girl
231911,1982,Meghann,9.2e-05,girl
231912,1982,Shena,9.2e-05,girl
231913,1982,Vera,9.2e-05,girl
231914,1982,Falon,9.1e-05,girl
231915,1982,Karyn,9.1e-05,girl
231916,1982,Viviana,9.1e-05,girl
231917,1982,Alina,9e-05,girl
231918,1982,Malia,9e-05,girl
231919,1982,Richelle,9e-05,girl
231920,1982,Starla,9e-05,girl
231921,1982,Tawny,9e-05,girl
231922,1982,Therese,9e-05,girl
231923,1982,Jan,9e-05,girl
231924,1982,Lynnette,9e-05,girl
231925,1982,Charissa,8.9e-05,girl
231926,1982,Kerrie,8.9e-05,girl
231927,1982,Mona,8.9e-05,girl
231928,1982,Arielle,8.9e-05,girl
231929,1982,Ashly,8.9e-05,girl
231930,1982,Chantelle,8.9e-05,girl
231931,1982,Kandi,8.9e-05,girl
231932,1982,Katina,8.9e-05,girl
231933,1982,Nikole,8.9e-05,girl
231934,1982,Bambi,8.8e-05,girl
231935,1982,Chelsie,8.8e-05,girl
231936,1982,Delilah,8.8e-05,girl
231937,1982,Francisca,8.8e-05,girl
231938,1982,Johnna,8.8e-05,girl
231939,1982,Shannan,8.8e-05,girl
231940,1982,Ursula,8.8e-05,girl
231941,1982,Andrew,8.7e-05,girl
231942,1982,Kaci,8.7e-05,girl
231943,1982,Kiley,8.7e-05,girl
231944,1982,Margie,8.7e-05,girl
231945,1982,Perla,8.7e-05,girl
231946,1982,Lisette,8.7e-05,girl
231947,1982,Rae,8.7e-05,girl
231948,1982,Rosie,8.7e-05,girl
231949,1982,Tenika,8.7e-05,girl
231950,1982,Danica,8.6e-05,girl
231951,1982,Fawn,8.6e-05,girl
231952,1982,Latesha,8.6e-05,girl
231953,1982,Reyna,8.6e-05,girl
231954,1982,Tamera,8.6e-05,girl
231955,1982,Venus,8.6e-05,girl
231956,1982,Emilia,8.6e-05,girl
231957,1982,Roseanna,8.6e-05,girl
231958,1982,Alysia,8.5e-05,girl
231959,1982,Consuelo,8.5e-05,girl
231960,1982,Deanne,8.5e-05,girl
231961,1982,Lashawn,8.5e-05,girl
231962,1982,May,8.5e-05,girl
231963,1982,Sharita,8.5e-05,girl
231964,1982,Iesha,8.4e-05,girl
231965,1982,Jerri,8.4e-05,girl
231966,1982,Josefina,8.4e-05,girl
231967,1982,Micah,8.4e-05,girl
231968,1982,Sydney,8.4e-05,girl
231969,1982,Aaron,8.4e-05,girl
231970,1982,Cristen,8.4e-05,girl
231971,1982,Felisha,8.4e-05,girl
231972,1982,Natosha,8.4e-05,girl
231973,1982,Sandi,8.4e-05,girl
231974,1982,Tabetha,8.4e-05,girl
231975,1982,Thelma,8.4e-05,girl
231976,1982,Trista,8.4e-05,girl
231977,1982,Tristan,8.4e-05,girl
231978,1982,Francis,8.3e-05,girl
231979,1982,Kay,8.3e-05,girl
231980,1982,Krysta,8.3e-05,girl
231981,1982,Susanne,8.3e-05,girl
231982,1982,Tammi,8.3e-05,girl
231983,1982,Esperanza,8.3e-05,girl
231984,1982,Luisa,8.3e-05,girl
231985,1982,Valencia,8.3e-05,girl
231986,1982,Antionette,8.2e-05,girl
231987,1982,Carley,8.2e-05,girl
231988,1982,Gayle,8.2e-05,girl
231989,1982,Ginny,8.2e-05,girl
231990,1982,Kacy,8.2e-05,girl
231991,1982,Maren,8.2e-05,girl
231992,1982,Violet,8.2e-05,girl
231993,1982,Adria,8.2e-05,girl
231994,1982,Arianna,8.2e-05,girl
231995,1982,Ayesha,8.2e-05,girl
231996,1982,Davina,8.2e-05,girl
231997,1982,Hallie,8.2e-05,girl
231998,1982,Renita,8.2e-05,girl
231999,1982,Shantell,8.2e-05,girl
232000,1983,Jennifer,0.030382,girl
232001,1983,Jessica,0.025311,girl
232002,1983,Amanda,0.018866,girl
232003,1983,Ashley,0.018605,girl
232004,1983,Sarah,0.015215,girl
232005,1983,Melissa,0.013125,girl
232006,1983,Nicole,0.012523,girl
232007,1983,Stephanie,0.012476,girl
232008,1983,Heather,0.011602,girl
232009,1983,Elizabeth,0.011091,girl
232010,1983,Crystal,0.010012,girl
232011,1983,Amy,0.009558,girl
232012,1983,Michelle,0.009412,girl
232013,1983,Tiffany,0.008922,girl
232014,1983,Kimberly,0.008598,girl
232015,1983,Christina,0.008582,girl
232016,1983,Amber,0.008325,girl
232017,1983,Erin,0.008295,girl
232018,1983,Rebecca,0.008228,girl
232019,1983,Rachel,0.008154,girl
232020,1983,Megan,0.007895,girl
232021,1983,Angela,0.00739,girl
232022,1983,Laura,0.007376,girl
232023,1983,Lauren,0.007238,girl
232024,1983,Emily,0.006918,girl
232025,1983,Kelly,0.006474,girl
232026,1983,Lisa,0.006412,girl
232027,1983,Jamie,0.006165,girl
232028,1983,Danielle,0.005946,girl
232029,1983,Andrea,0.005823,girl
232030,1983,Sara,0.005635,girl
232031,1983,Mary,0.00553,girl
232032,1983,Erica,0.005428,girl
232033,1983,Katherine,0.005415,girl
232034,1983,Lindsey,0.004851,girl
232035,1983,Kristen,0.004819,girl
232036,1983,Lindsay,0.004818,girl
232037,1983,Shannon,0.00471,girl
232038,1983,April,0.004589,girl
232039,1983,Samantha,0.004309,girl
232040,1983,Alicia,0.004187,girl
232041,1983,Kristin,0.004061,girl
232042,1983,Maria,0.003821,girl
232043,1983,Courtney,0.00377,girl
232044,1983,Katie,0.003746,girl
232045,1983,Julie,0.003717,girl
232046,1983,Christine,0.003628,girl
232047,1983,Holly,0.00357,girl
232048,1983,Vanessa,0.003569,girl
232049,1983,Kathryn,0.003562,girl
232050,1983,Tara,0.003508,girl
232051,1983,Natalie,0.0032,girl
232052,1983,Jacqueline,0.003028,girl
232053,1983,Monica,0.003019,girl
232054,1983,Anna,0.002917,girl
232055,1983,Brandi,0.00291,girl
232056,1983,Brandy,0.002901,girl
232057,1983,Victoria,0.002819,girl
232058,1983,Allison,0.002781,girl
232059,1983,Patricia,0.002754,girl
232060,1983,Stacy,0.002615,girl
232061,1983,Cynthia,0.002547,girl
232062,1983,Kristina,0.002449,girl
232063,1983,Brittany,0.002445,girl
232064,1983,Carrie,0.0024,girl
232065,1983,Catherine,0.002376,girl
232066,1983,Leslie,0.002373,girl
232067,1983,Veronica,0.002275,girl
232068,1983,Diana,0.002259,girl
232069,1983,Cassandra,0.002238,girl
232070,1983,Natasha,0.002208,girl
232071,1983,Dana,0.002194,girl
232072,1983,Kathleen,0.00219,girl
232073,1983,Valerie,0.002183,girl
232074,1983,Meghan,0.002172,girl
232075,1983,Stacey,0.002124,girl
232076,1983,Karen,0.002119,girl
232077,1983,Krystal,0.002077,girl
232078,1983,Melanie,0.001984,girl
232079,1983,Erika,0.001983,girl
232080,1983,Kayla,0.001971,girl
232081,1983,Leah,0.001945,girl
232082,1983,Alexis,0.001935,girl
232083,1983,Candice,0.001912,girl
232084,1983,Julia,0.001887,girl
232085,1983,Susan,0.001875,girl
232086,1983,Misty,0.001784,girl
232087,1983,Sandra,0.001773,girl
232088,1983,Tracy,0.001767,girl
232089,1983,Latoya,0.001761,girl
232090,1983,Pamela,0.001693,girl
232091,1983,Margaret,0.001644,girl
232092,1983,Nichole,0.001637,girl
232093,1983,Desiree,0.001629,girl
232094,1983,Heidi,0.001629,girl
232095,1983,Brooke,0.0016,girl
232096,1983,Renee,0.00159,girl
232097,1983,Jill,0.001558,girl
232098,1983,Bethany,0.001546,girl
232099,1983,Tina,0.001532,girl
232100,1983,Kara,0.001515,girl
232101,1983,Chelsea,0.001511,girl
232102,1983,Candace,0.001507,girl
232103,1983,Teresa,0.001507,girl
232104,1983,Stefanie,0.001491,girl
232105,1983,Dawn,0.001475,girl
232106,1983,Sheena,0.001472,girl
232107,1983,Katrina,0.001456,girl
232108,1983,Denise,0.001437,girl
232109,1983,Casey,0.001428,girl
232110,1983,Sabrina,0.001427,girl
232111,1983,Marquita,0.001422,girl
232112,1983,Lori,0.00141,girl
232113,1983,Nancy,0.00141,girl
232114,1983,Jillian,0.001407,girl
232115,1983,Alison,0.001392,girl
232116,1983,Monique,0.00139,girl
232117,1983,Miranda,0.001385,girl
232118,1983,Linda,0.001382,girl
232119,1983,Brenda,0.00136,girl
232120,1983,Gina,0.001352,girl
232121,1983,Theresa,0.00135,girl
232122,1983,Rachael,0.001349,girl
232123,1983,Hannah,0.001338,girl
232124,1983,Wendy,0.001336,girl
232125,1983,Robin,0.001335,girl
232126,1983,Jaclyn,0.001334,girl
232127,1983,Lacey,0.001332,girl
232128,1983,Molly,0.001293,girl
232129,1983,Anne,0.001289,girl
232130,1983,Tamara,0.001274,girl
232131,1983,Jenny,0.001258,girl
232132,1983,Kristy,0.001253,girl
232133,1983,Tanya,0.001245,girl
232134,1983,Ebony,0.001241,girl
232135,1983,Kelli,0.001209,girl
232136,1983,Tabitha,0.001206,girl
232137,1983,Melinda,0.001198,girl
232138,1983,Joanna,0.001184,girl
232139,1983,Adrienne,0.001163,girl
232140,1983,Alisha,0.001145,girl
232141,1983,Krista,0.001143,girl
232142,1983,Barbara,0.001129,girl
232143,1983,Colleen,0.001122,girl
232144,1983,Kari,0.001118,girl
232145,1983,Christy,0.001104,girl
232146,1983,Tonya,0.001095,girl
232147,1983,Meredith,0.001085,girl
232148,1983,Deanna,0.001074,girl
232149,1983,Carolyn,0.001068,girl
232150,1983,Abigail,0.001066,girl
232151,1983,Rebekah,0.001063,girl
232152,1983,Caitlin,0.001052,girl
232153,1983,Kristi,0.001045,girl
232154,1983,Michele,0.001027,girl
232155,1983,Tasha,0.001024,girl
232156,1983,Ann,0.001012,girl
232157,1983,Jaime,0.000997,girl
232158,1983,Sharon,0.000994,girl
232159,1983,Tammy,0.000994,girl
232160,1983,Bridget,0.000978,girl
232161,1983,Marie,0.000977,girl
232162,1983,Alexandra,0.000946,girl
232163,1983,Whitney,0.000945,girl
232164,1983,Virginia,0.000939,girl
232165,1983,Latasha,0.000931,girl
232166,1983,Morgan,0.000927,girl
232167,1983,Regina,0.000923,girl
232168,1983,Beth,0.000915,girl
232169,1983,Marissa,0.000906,girl
232170,1983,Kendra,0.000901,girl
232171,1983,Deborah,0.000897,girl
232172,1983,Cassie,0.000894,girl
232173,1983,Angel,0.000882,girl
232174,1983,Jasmine,0.000877,girl
232175,1983,Cheryl,0.000874,girl
232176,1983,Cindy,0.000865,girl
232177,1983,Carla,0.000854,girl
232178,1983,Cristina,0.000846,girl
232179,1983,Priscilla,0.000843,girl
232180,1983,Felicia,0.00084,girl
232181,1983,Ashlee,0.000833,girl
232182,1983,Aimee,0.000829,girl
232183,1983,Caroline,0.000826,girl
232184,1983,Audrey,0.00082,girl
232185,1983,Angelica,0.000818,girl
232186,1983,Shawna,0.000814,girl
232187,1983,Jodi,0.000799,girl
232188,1983,Suzanne,0.000785,girl
232189,1983,Cara,0.00078,girl
232190,1983,Janet,0.00078,girl
232191,1983,Diane,0.000771,girl
232192,1983,Donna,0.000771,girl
232193,1983,Jacquelyn,0.000769,girl
232194,1983,Claudia,0.000755,girl
232195,1983,Mandy,0.000751,girl
232196,1983,Martha,0.000751,girl
232197,1983,Nina,0.00075,girl
232198,1983,Kate,0.000745,girl
232199,1983,Abby,0.000732,girl
232200,1983,Ana,0.00073,girl
232201,1983,Bonnie,0.000713,girl
232202,1983,Robyn,0.000709,girl
232203,1983,Kristine,0.000704,girl
232204,1983,Autumn,0.000701,girl
232205,1983,Carmen,0.000685,girl
232206,1983,Mindy,0.000684,girl
232207,1983,Yolanda,0.000676,girl
232208,1983,Alyssa,0.000672,girl
232209,1983,Joy,0.000666,girl
232210,1983,Trisha,0.000666,girl
232211,1983,Meagan,0.000666,girl
232212,1983,Sophia,0.000664,girl
232213,1983,Daisy,0.000657,girl
232214,1983,Jenna,0.000653,girl
232215,1983,Janelle,0.00065,girl
232216,1983,Summer,0.00065,girl
232217,1983,Toni,0.00065,girl
232218,1983,Carly,0.000648,girl
232219,1983,Paula,0.000648,girl
232220,1983,Gloria,0.000642,girl
232221,1983,Evelyn,0.000636,girl
232222,1983,Ruth,0.000625,girl
232223,1983,Kelsey,0.000624,girl
232224,1983,Melody,0.000619,girl
232225,1983,Naomi,0.000615,girl
232226,1983,Christie,0.000614,girl
232227,1983,Olivia,0.000606,girl
232228,1983,Debra,0.000605,girl
232229,1983,Shelly,0.0006,girl
232230,1983,Kellie,0.0006,girl
232231,1983,Krystle,0.000596,girl
232232,1983,Rose,0.000591,girl
232233,1983,Adriana,0.000588,girl
232234,1983,Randi,0.000587,girl
232235,1983,Rosa,0.000584,girl
232236,1983,Shanna,0.000584,girl
232237,1983,Sylvia,0.000579,girl
232238,1983,Lydia,0.000571,girl
232239,1983,Grace,0.000558,girl
232240,1983,Marisa,0.000556,girl
232241,1983,Lacy,0.000544,girl
232242,1983,Brianna,0.000543,girl
232243,1983,Charlene,0.000539,girl
232244,1983,Sonia,0.000535,girl
232245,1983,Ellen,0.000535,girl
232246,1983,Laurie,0.000534,girl
232247,1983,Ashleigh,0.00053,girl
232248,1983,Sheila,0.000529,girl
232249,1983,Nikki,0.000528,girl
232250,1983,Carol,0.000526,girl
232251,1983,Keri,0.000526,girl
232252,1983,Rhonda,0.000526,girl
232253,1983,Bianca,0.000525,girl
232254,1983,Karla,0.000524,girl
232255,1983,Sherry,0.000518,girl
232256,1983,Brittney,0.000515,girl
232257,1983,Tamika,0.000513,girl
232258,1983,Haley,0.000513,girl
232259,1983,Jeanette,0.000511,girl
232260,1983,Stacie,0.000511,girl
232261,1983,Sonya,0.00051,girl
232262,1983,Tia,0.00051,girl
232263,1983,Kelley,0.000508,girl
232264,1983,Rachelle,0.000508,girl
232265,1983,Yvonne,0.000508,girl
232266,1983,Terri,0.000505,girl
232267,1983,Anita,0.000502,girl
232268,1983,Jessie,0.000497,girl
232269,1983,Frances,0.000489,girl
232270,1983,Leigh,0.000483,girl
232271,1983,Shauna,0.000483,girl
232272,1983,Kerri,0.00048,girl
232273,1983,Esther,0.00048,girl
232274,1983,Claire,0.000478,girl
232275,1983,Mayra,0.000478,girl
232276,1983,Traci,0.000471,girl
232277,1983,Leticia,0.00047,girl
232278,1983,Maureen,0.00047,girl
232279,1983,Helen,0.00047,girl
232280,1983,Katharine,0.000469,girl
232281,1983,Tabatha,0.000468,girl
232282,1983,Charlotte,0.000466,girl
232283,1983,Raquel,0.000461,girl
232284,1983,Trista,0.00046,girl
232285,1983,Roxanne,0.000458,girl
232286,1983,Angelina,0.000457,girl
232287,1983,Eva,0.000456,girl
232288,1983,Tessa,0.000456,girl
232289,1983,Charity,0.000455,girl
232290,1983,Brandie,0.000452,girl
232291,1983,Annie,0.000448,girl
232292,1983,Elaine,0.000445,girl
232293,1983,Kristie,0.000442,girl
232294,1983,Lynn,0.00044,girl
232295,1983,Kerry,0.00044,girl
232296,1983,Tracey,0.000439,girl
232297,1983,Jane,0.000437,girl
232298,1983,Johanna,0.000435,girl
232299,1983,Shelley,0.000435,girl
232300,1983,Janice,0.000431,girl
232301,1983,Kasey,0.000429,girl
232302,1983,Kathy,0.000428,girl
232303,1983,Amelia,0.000424,girl
232304,1983,Dorothy,0.000424,girl
232305,1983,Chrystal,0.000423,girl
232306,1983,Alissa,0.000416,girl
232307,1983,Irene,0.000416,girl
232308,1983,Latisha,0.000415,girl
232309,1983,Jana,0.000414,girl
232310,1983,Yvette,0.000414,girl
232311,1983,Jami,0.000412,girl
232312,1983,Maggie,0.000412,girl
232313,1983,Miriam,0.000412,girl
232314,1983,Carissa,0.000412,girl
232315,1983,Bobbie,0.000411,girl
232316,1983,Lesley,0.000411,girl
232317,1983,Jade,0.00041,girl
232318,1983,Brianne,0.000407,girl
232319,1983,Annette,0.000405,girl
232320,1983,Tanisha,0.000404,girl
232321,1983,Jocelyn,0.000403,girl
232322,1983,Shana,0.000402,girl
232323,1983,Jennie,0.000399,girl
232324,1983,Kirsten,0.000399,girl
232325,1983,Staci,0.000398,girl
232326,1983,Gabriela,0.000397,girl
232327,1983,Elisabeth,0.000394,girl
232328,1983,Alice,0.00039,girl
232329,1983,Hillary,0.000389,girl
232330,1983,Chasity,0.000388,girl
232331,1983,Becky,0.000385,girl
232332,1983,Eileen,0.000385,girl
232333,1983,Mallory,0.000385,girl
232334,1983,Briana,0.000385,girl
232335,1983,Juanita,0.000383,girl
232336,1983,Rochelle,0.000383,girl
232337,1983,Patrice,0.000381,girl
232338,1983,Taylor,0.00038,girl
232339,1983,Jackie,0.000379,girl
232340,1983,Elisa,0.000378,girl
232341,1983,Jolene,0.000376,girl
232342,1983,Lyndsey,0.000375,girl
232343,1983,Faith,0.000371,girl
232344,1983,Sally,0.000368,girl
232345,1983,Hilary,0.000366,girl
232346,1983,Hollie,0.000365,girl
232347,1983,Ariel,0.000362,girl
232348,1983,Jenifer,0.000361,girl
232349,1983,Karina,0.000361,girl
232350,1983,Shelby,0.000359,girl
232351,1983,Christa,0.000358,girl
232352,1983,Constance,0.000358,girl
232353,1983,Tricia,0.000357,girl
232354,1983,Latonya,0.000356,girl
232355,1983,Sandy,0.000356,girl
232356,1983,Antoinette,0.000356,girl
232357,1983,Cecilia,0.000355,girl
232358,1983,Joyce,0.000355,girl
232359,1983,Alana,0.000354,girl
232360,1983,Gabrielle,0.00035,girl
232361,1983,Camille,0.000348,girl
232362,1983,Clarissa,0.000347,girl
232363,1983,Connie,0.000347,girl
232364,1983,Amie,0.000346,girl
232365,1983,Audra,0.000346,girl
232366,1983,Marilyn,0.000342,girl
232367,1983,Judith,0.000342,girl
232368,1983,Ryan,0.000341,girl
232369,1983,Lorena,0.000339,girl
232370,1983,Tameka,0.000339,girl
232371,1983,Jody,0.000337,girl
232372,1983,Leanne,0.000335,girl
232373,1983,Gretchen,0.000333,girl
232374,1983,Serena,0.000333,girl
232375,1983,Rita,0.000332,girl
232376,1983,Ruby,0.00033,girl
232377,1983,Aubrey,0.000329,girl
232378,1983,Fallon,0.000328,girl
232379,1983,Paige,0.000328,girl
232380,1983,Keisha,0.000326,girl
232381,1983,Belinda,0.000325,girl
232382,1983,Devon,0.000324,girl
232383,1983,Angie,0.000323,girl
232384,1983,Michael,0.000323,girl
232385,1983,Ericka,0.000322,girl
232386,1983,Jodie,0.000318,girl
232387,1983,Beverly,0.000317,girl
232388,1983,Elena,0.000315,girl
232389,1983,Betty,0.000315,girl
232390,1983,Joanne,0.000315,girl
232391,1983,Lakisha,0.000314,girl
232392,1983,Katy,0.000313,girl
232393,1983,Elise,0.00031,girl
232394,1983,Kira,0.00031,girl
232395,1983,Sherri,0.000309,girl
232396,1983,Cortney,0.000309,girl
232397,1983,Alexandria,0.000308,girl
232398,1983,Emma,0.000307,girl
232399,1983,Kristal,0.000304,girl
232400,1983,Janine,0.000302,girl
232401,1983,Guadalupe,0.000301,girl
232402,1983,Alejandra,0.000299,girl
232403,1983,Chelsey,0.000298,girl
232404,1983,Shayla,0.000298,girl
232405,1983,Ginger,0.000295,girl
232406,1983,Darlene,0.000295,girl
232407,1983,Sasha,0.000295,girl
232408,1983,Elisha,0.000294,girl
232409,1983,Alma,0.000294,girl
232410,1983,Celeste,0.000294,girl
232411,1983,Jean,0.000293,girl
232412,1983,Billie,0.000291,girl
232413,1983,Judy,0.000291,girl
232414,1983,Marisol,0.000291,girl
232415,1983,Bobbi,0.00029,girl
232416,1983,Justine,0.00029,girl
232417,1983,Norma,0.00029,girl
232418,1983,Nora,0.00029,girl
232419,1983,Lakeisha,0.000289,girl
232420,1983,Destiny,0.000289,girl
232421,1983,Corinne,0.000286,girl
232422,1983,Terra,0.000285,girl
232423,1983,Lara,0.000285,girl
232424,1983,Alisa,0.000284,girl
232425,1983,Maribel,0.000284,girl
232426,1983,Shirley,0.000284,girl
232427,1983,Kaitlin,0.000282,girl
232428,1983,Christen,0.000281,girl
232429,1983,Hope,0.000281,girl
232430,1983,Jordan,0.000279,girl
232431,1983,Christin,0.000277,girl
232432,1983,Rosemary,0.000274,girl
232433,1983,Dianna,0.000273,girl
232434,1983,Rosanna,0.000273,girl
232435,1983,Breanna,0.00027,girl
232436,1983,Genevieve,0.00027,girl
232437,1983,Adrian,0.000268,girl
232438,1983,Josephine,0.000268,girl
232439,1983,Sheri,0.000268,girl
232440,1983,Mia,0.000262,girl
232441,1983,Joni,0.00026,girl
232442,1983,Jayme,0.00026,girl
232443,1983,Alyson,0.000258,girl
232444,1983,Bridgette,0.000257,girl
232445,1983,Chandra,0.000257,girl
232446,1983,Meaghan,0.000257,girl
232447,1983,Larissa,0.000257,girl
232448,1983,Marlene,0.000256,girl
232449,1983,Allyson,0.000256,girl
232450,1983,Lora,0.000256,girl
232451,1983,Tracie,0.000254,girl
232452,1983,Dominique,0.000254,girl
232453,1983,Yesenia,0.000253,girl
232454,1983,Callie,0.000253,girl
232455,1983,Lillian,0.000252,girl
232456,1983,Joann,0.00025,girl
232457,1983,Adrianne,0.000249,girl
232458,1983,Tiffani,0.000249,girl
232459,1983,Margarita,0.000248,girl
232460,1983,Lena,0.000247,girl
232461,1983,Leann,0.000246,girl
232462,1983,Esmeralda,0.000245,girl
232463,1983,Laurel,0.000244,girl
232464,1983,Savannah,0.000243,girl
232465,1983,Teri,0.000242,girl
232466,1983,Chanel,0.000242,girl
232467,1983,Lorraine,0.000241,girl
232468,1983,Isabel,0.00024,girl
232469,1983,Katelyn,0.000238,girl
232470,1983,Raven,0.000237,girl
232471,1983,Jacklyn,0.000236,girl
232472,1983,Ashlie,0.000235,girl
232473,1983,Christopher,0.000235,girl
232474,1983,Carolina,0.000234,girl
232475,1983,Abbey,0.000234,girl
232476,1983,Shameka,0.000233,girl
232477,1983,Dena,0.000232,girl
232478,1983,Blair,0.00023,girl
232479,1983,Lynette,0.00023,girl
232480,1983,Christi,0.000229,girl
232481,1983,Mandi,0.000229,girl
232482,1983,Lucy,0.000228,girl
232483,1983,Vivian,0.000228,girl
232484,1983,Blanca,0.000227,girl
232485,1983,Noelle,0.000226,girl
232486,1983,Tiffanie,0.000226,girl
232487,1983,Alaina,0.000225,girl
232488,1983,Tera,0.000225,girl
232489,1983,Betsy,0.000224,girl
232490,1983,Kim,0.000224,girl
232491,1983,Celia,0.000223,girl
232492,1983,Lakesha,0.000222,girl
232493,1983,Shari,0.000222,girl
232494,1983,Gwendolyn,0.000219,girl
232495,1983,Lyndsay,0.000219,girl
232496,1983,Tania,0.000219,girl
232497,1983,Aisha,0.000218,girl
232498,1983,Iris,0.000218,girl
232499,1983,Marsha,0.000218,girl
232500,1983,Kenya,0.000218,girl
232501,1983,Kimberley,0.000216,girl
232502,1983,Susana,0.000216,girl
232503,1983,Tiara,0.000216,girl
232504,1983,Casandra,0.000215,girl
232505,1983,Melisa,0.000215,girl
232506,1983,Marina,0.000214,girl
232507,1983,Anastasia,0.000214,girl
232508,1983,Ariana,0.000213,girl
232509,1983,Chantel,0.000212,girl
232510,1983,Natalia,0.00021,girl
232511,1983,Lee,0.000208,girl
232512,1983,Cathy,0.000208,girl
232513,1983,Nadia,0.000208,girl
232514,1983,Maranda,0.000207,girl
232515,1983,Arlene,0.000206,girl
232516,1983,Bernadette,0.000206,girl
232517,1983,Selena,0.000205,girl
232518,1983,Angelique,0.000205,girl
232519,1983,Brenna,0.000205,girl
232520,1983,Candy,0.000204,girl
232521,1983,Christian,0.000204,girl
232522,1983,Hayley,0.000203,girl
232523,1983,Darcy,0.000202,girl
232524,1983,Liliana,0.000202,girl
232525,1983,Rhiannon,0.000202,girl
232526,1983,Latrice,0.000201,girl
232527,1983,Taryn,0.000201,girl
232528,1983,Marianne,0.0002,girl
232529,1983,Tami,0.0002,girl
232530,1983,Britney,0.0002,girl
232531,1983,Cassidy,0.0002,girl
232532,1983,Marcia,0.000199,girl
232533,1983,Trina,0.000198,girl
232534,1983,Kyla,0.000196,girl
232535,1983,Luz,0.000196,girl
232536,1983,Lea,0.000195,girl
232537,1983,Elissa,0.000195,girl
232538,1983,Joan,0.000195,girl
232539,1983,Rocio,0.000194,girl
232540,1983,Lashonda,0.000194,girl
232541,1983,Loretta,0.000194,girl
232542,1983,Debbie,0.000193,girl
232543,1983,Kacie,0.000193,girl
232544,1983,Kaleena,0.000191,girl
232545,1983,Lana,0.00019,girl
232546,1983,Daniela,0.00019,girl
232547,1983,Mariah,0.000188,girl
232548,1983,Athena,0.000187,girl
232549,1983,Devin,0.000187,girl
232550,1983,Cherie,0.000187,girl
232551,1983,Roberta,0.000187,girl
232552,1983,Juliana,0.000186,girl
232553,1983,Jasmin,0.000185,girl
232554,1983,Tiana,0.000184,girl
232555,1983,Breanne,0.000183,girl
232556,1983,Jeannette,0.000183,girl
232557,1983,Asia,0.000182,girl
232558,1983,Antonia,0.000182,girl
232559,1983,Janette,0.000182,girl
232560,1983,Jeanne,0.000181,girl
232561,1983,Liza,0.000181,girl
232562,1983,Tatiana,0.000181,girl
232563,1983,Ashly,0.000181,girl
232564,1983,Deana,0.000181,girl
232565,1983,Myra,0.000181,girl
232566,1983,David,0.00018,girl
232567,1983,Wanda,0.000178,girl
232568,1983,Dina,0.000178,girl
232569,1983,Racheal,0.000177,girl
232570,1983,Matthew,0.000176,girl
232571,1983,Sonja,0.000176,girl
232572,1983,Christal,0.000175,girl
232573,1983,Silvia,0.000175,girl
232574,1983,Mercedes,0.000173,girl
232575,1983,Mollie,0.000173,girl
232576,1983,Cheri,0.000173,girl
232577,1983,Janie,0.000173,girl
232578,1983,Talia,0.000173,girl
232579,1983,Clara,0.000172,girl
232580,1983,Deidre,0.000172,girl
232581,1983,Alecia,0.000171,girl
232582,1983,Daphne,0.000171,girl
232583,1983,Shamika,0.000171,girl
232584,1983,Tori,0.000171,girl
232585,1983,Valarie,0.000171,girl
232586,1983,Lacie,0.000169,girl
232587,1983,Martina,0.000169,girl
232588,1983,Corina,0.000169,girl
232589,1983,Kimberlee,0.000169,girl
232590,1983,Georgia,0.000168,girl
232591,1983,Lucia,0.000168,girl
232592,1983,Francesca,0.000167,girl
232593,1983,Kassandra,0.000167,girl
232594,1983,Araceli,0.000167,girl
232595,1983,Josie,0.000167,girl
232596,1983,Cari,0.000166,girl
232597,1983,Janna,0.000166,girl
232598,1983,Jeannie,0.000166,girl
232599,1983,Marjorie,0.000166,girl
232600,1983,Meghann,0.000166,girl
232601,1983,Dayna,0.000164,girl
232602,1983,Michaela,0.000164,girl
232603,1983,Penny,0.000164,girl
232604,1983,Maritza,0.000163,girl
232605,1983,Ivy,0.000163,girl
232606,1983,Maya,0.000162,girl
232607,1983,Corey,0.000162,girl
232608,1983,Tierra,0.000162,girl
232609,1983,Edith,0.000161,girl
232610,1983,Janell,0.00016,girl
232611,1983,Marcella,0.00016,girl
232612,1983,Glenda,0.000159,girl
232613,1983,Marla,0.000159,girl
232614,1983,Peggy,0.000159,girl
232615,1983,Holli,0.000158,girl
232616,1983,Tosha,0.000158,girl
232617,1983,James,0.000158,girl
232618,1983,Eliza,0.000157,girl
232619,1983,Leanna,0.000157,girl
232620,1983,Maryann,0.000156,girl
232621,1983,Shawn,0.000156,girl
232622,1983,Tanesha,0.000156,girl
232623,1983,Kala,0.000155,girl
232624,1983,Shanika,0.000155,girl
232625,1983,Cristy,0.000154,girl
232626,1983,Gail,0.000154,girl
232627,1983,Nicolette,0.000154,girl
232628,1983,Adriane,0.000153,girl
232629,1983,Kacey,0.000153,girl
232630,1983,Kaitlyn,0.000153,girl
232631,1983,Kandice,0.000153,girl
232632,1983,Nadine,0.000153,girl
232633,1983,Kia,0.000152,girl
232634,1983,Mackenzie,0.000152,girl
232635,1983,Catrina,0.000151,girl
232636,1983,Leeann,0.00015,girl
232637,1983,Precious,0.00015,girl
232638,1983,Ingrid,0.00015,girl
232639,1983,Misti,0.00015,girl
232640,1983,Simone,0.00015,girl
232641,1983,Bridgett,0.000149,girl
232642,1983,Cori,0.000149,girl
232643,1983,Andria,0.000149,girl
232644,1983,Chelsie,0.000149,girl
232645,1983,Delia,0.000149,girl
232646,1983,John,0.000149,girl
232647,1983,Ladonna,0.000149,girl
232648,1983,Ramona,0.000149,girl
232649,1983,Karissa,0.000148,girl
232650,1983,Deidra,0.000148,girl
232651,1983,Eleanor,0.000148,girl
232652,1983,Jeanine,0.000148,girl
232653,1983,Marcie,0.000148,girl
232654,1983,Vicki,0.000148,girl
232655,1983,Madeline,0.000147,girl
232656,1983,Susanna,0.000147,girl
232657,1983,Tarah,0.000147,girl
232658,1983,Kylie,0.000146,girl
232659,1983,Beatriz,0.000145,girl
232660,1983,Desirae,0.000145,girl
232661,1983,Marci,0.000145,girl
232662,1983,Noemi,0.000145,girl
232663,1983,Olga,0.000145,girl
232664,1983,Sofia,0.000145,girl
232665,1983,Geneva,0.000145,girl
232666,1983,Daniel,0.000144,girl
232667,1983,Rena,0.000144,girl
232668,1983,Jesse,0.000144,girl
232669,1983,Beatrice,0.000143,girl
232670,1983,Aileen,0.000143,girl
232671,1983,Robert,0.000143,girl
232672,1983,Selina,0.000143,girl
232673,1983,Shayna,0.000143,girl
232674,1983,Dara,0.000142,girl
232675,1983,Pauline,0.000142,girl
232676,1983,Delilah,0.000141,girl
232677,1983,Sheree,0.000141,girl
232678,1983,Princess,0.00014,girl
232679,1983,Latosha,0.00014,girl
232680,1983,Aja,0.000139,girl
232681,1983,Arielle,0.000139,girl
232682,1983,Brandon,0.000139,girl
232683,1983,Doris,0.000139,girl
232684,1983,Laquita,0.000139,girl
232685,1983,Maura,0.000139,girl
232686,1983,Kendall,0.000138,girl
232687,1983,Kristyn,0.000138,girl
232688,1983,Octavia,0.000138,girl
232689,1983,Alanna,0.000137,girl
232690,1983,Alesha,0.000137,girl
232691,1983,Hanna,0.000137,girl
232692,1983,Jason,0.000137,girl
232693,1983,Julianne,0.000137,girl
232694,1983,Laci,0.000137,girl
232695,1983,Marlena,0.000137,girl
232696,1983,Shantel,0.000137,girl
232697,1983,Adrianna,0.000136,girl
232698,1983,Ciji,0.000136,girl
232699,1983,Loren,0.000136,girl
232700,1983,Chastity,0.000136,girl
232701,1983,Elyse,0.000136,girl
232702,1983,Kyle,0.000136,girl
232703,1983,Malinda,0.000136,girl
232704,1983,Candi,0.000135,girl
232705,1983,Lynda,0.000135,girl
232706,1983,Mara,0.000135,girl
232707,1983,Ashely,0.000134,girl
232708,1983,Justina,0.000134,girl
232709,1983,Karin,0.000134,girl
232710,1983,Dora,0.000133,girl
232711,1983,Eboni,0.000133,girl
232712,1983,Renae,0.000133,girl
232713,1983,Sharonda,0.000133,girl
232714,1983,Charmaine,0.000131,girl
232715,1983,Elsa,0.000131,girl
232716,1983,Linsey,0.00013,girl
232717,1983,Joshua,0.00013,girl
232718,1983,Kirby,0.00013,girl
232719,1983,Casie,0.000129,girl
232720,1983,Celina,0.000129,girl
232721,1983,Lucinda,0.000129,girl
232722,1983,Marcy,0.000129,girl
232723,1983,Edna,0.000128,girl
232724,1983,Tonia,0.000128,girl
232725,1983,Janel,0.000128,girl
232726,1983,Gillian,0.000127,girl
232727,1983,Brynn,0.000126,girl
232728,1983,Carina,0.000126,girl
232729,1983,Kathrine,0.000126,girl
232730,1983,Yadira,0.000126,girl
232731,1983,Cora,0.000125,girl
232732,1983,Venessa,0.000125,girl
232733,1983,Abbie,0.000125,girl
232734,1983,Karrie,0.000125,girl
232735,1983,Tanika,0.000125,girl
232736,1983,Carey,0.000124,girl
232737,1983,Janae,0.000124,girl
232738,1983,Monika,0.000124,girl
232739,1983,Noel,0.000124,girl
232740,1983,Rene,0.000124,girl
232741,1983,Tenisha,0.000124,girl
232742,1983,Darla,0.000123,girl
232743,1983,Lashanda,0.000123,girl
232744,1983,Alexa,0.000122,girl
232745,1983,Emilie,0.000122,girl
232746,1983,Dolores,0.000122,girl
232747,1983,Nakia,0.000122,girl
232748,1983,Sadie,0.000122,girl
232749,1983,Irma,0.000121,girl
232750,1983,Gladys,0.000121,girl
232751,1983,Justin,0.000121,girl
232752,1983,Sheryl,0.000121,girl
232753,1983,Terry,0.000121,girl
232754,1983,Danelle,0.00012,girl
232755,1983,Shanda,0.00012,girl
232756,1983,Brandee,0.00012,girl
232757,1983,Emilee,0.000119,girl
232758,1983,Sherrie,0.000119,girl
232759,1983,Jenelle,0.000119,girl
232760,1983,Leila,0.000119,girl
232761,1983,Lourdes,0.000119,girl
232762,1983,Joseph,0.000118,girl
232763,1983,Demetria,0.000117,girl
232764,1983,Kyra,0.000117,girl
232765,1983,Cristin,0.000116,girl
232766,1983,Kami,0.000116,girl
232767,1983,Kisha,0.000116,girl
232768,1983,Georgina,0.000116,girl
232769,1983,Jo,0.000116,girl
232770,1983,Maricela,0.000116,girl
232771,1983,Roxana,0.000116,girl
232772,1983,Stella,0.000116,girl
232773,1983,Cristal,0.000115,girl
232774,1983,Deirdre,0.000115,girl
232775,1983,Helena,0.000115,girl
232776,1983,Kali,0.000115,girl
232777,1983,Lily,0.000115,girl
232778,1983,Lynsey,0.000115,girl
232779,1983,Tammie,0.000115,girl
232780,1983,Candis,0.000115,girl
232781,1983,Latanya,0.000114,girl
232782,1983,Shaina,0.000114,girl
232783,1983,Wendi,0.000114,girl
232784,1983,Siobhan,0.000114,girl
232785,1983,Fatima,0.000113,girl
232786,1983,Cheyenne,0.000112,girl
232787,1983,Tisha,0.000112,girl
232788,1983,Shavon,0.000112,girl
232789,1983,Sydney,0.000112,girl
232790,1983,Tamra,0.000112,girl
232791,1983,Juana,0.000111,girl
232792,1983,Louise,0.000111,girl
232793,1983,Mariana,0.000111,girl
232794,1983,Giselle,0.00011,girl
232795,1983,Hilda,0.00011,girl
232796,1983,Lizette,0.000109,girl
232797,1983,Rosalinda,0.000109,girl
232798,1983,Rosemarie,0.000109,girl
232799,1983,Stephaine,0.000109,girl
232800,1983,Corrie,0.000109,girl
232801,1983,Jeri,0.000109,girl
232802,1983,Margo,0.000109,girl
232803,1983,Shasta,0.000109,girl
232804,1983,Kassie,0.000108,girl
232805,1983,Rikki,0.000108,girl
232806,1983,Deena,0.000107,girl
232807,1983,Elaina,0.000107,girl
232808,1983,Sierra,0.000107,girl
232809,1983,Daniella,0.000107,girl
232810,1983,Melina,0.000107,girl
232811,1983,Tess,0.000107,girl
232812,1983,Annemarie,0.000106,girl
232813,1983,Graciela,0.000106,girl
232814,1983,Griselda,0.000106,girl
232815,1983,Jeanna,0.000105,girl
232816,1983,Vicky,0.000105,girl
232817,1983,Cecelia,0.000105,girl
232818,1983,Kaci,0.000105,girl
232819,1983,Karyn,0.000105,girl
232820,1983,Afton,0.000104,girl
232821,1983,Francine,0.000104,girl
232822,1983,Jeannine,0.000104,girl
232823,1983,Loni,0.000104,girl
232824,1983,Maegan,0.000104,girl
232825,1983,William,0.000104,girl
232826,1983,Andrew,0.000103,girl
232827,1983,Angelia,0.000103,girl
232828,1983,Annmarie,0.000103,girl
232829,1983,Jaimie,0.000103,girl
232830,1983,Lindy,0.000103,girl
232831,1983,Kati,0.000103,girl
232832,1983,Richelle,0.000103,girl
232833,1983,Roxanna,0.000103,girl
232834,1983,Shalonda,0.000103,girl
232835,1983,Stacia,0.000103,girl
232836,1983,Cory,0.000102,girl
232837,1983,Jenni,0.000102,girl
232838,1983,Kristan,0.000102,girl
232839,1983,Marta,0.000102,girl
232840,1983,Shara,0.000102,girl
232841,1983,Falon,0.000102,girl
232842,1983,Hailey,0.000102,girl
232843,1983,Echo,0.000101,girl
232844,1983,Ronda,0.000101,girl
232845,1983,Shanita,0.000101,girl
232846,1983,Sherita,0.000101,girl
232847,1983,Valencia,0.000101,girl
232848,1983,Chloe,0.000101,girl
232849,1983,Corrine,0.000101,girl
232850,1983,Darci,0.000101,girl
232851,1983,June,0.000101,girl
232852,1983,Marian,0.000101,girl
232853,1983,Tabetha,0.000101,girl
232854,1983,Jeana,0.0001,girl
232855,1983,Cathleen,0.0001,girl
232856,1983,Sondra,0.0001,girl
232857,1983,Stevie,0.0001,girl
232858,1983,Colette,9.9e-05,girl
232859,1983,India,9.9e-05,girl
232860,1983,Jena,9.9e-05,girl
232861,1983,Jonathan,9.9e-05,girl
232862,1983,Malissa,9.9e-05,girl
232863,1983,Mari,9.9e-05,girl
232864,1983,Kourtney,9.8e-05,girl
232865,1983,Aurora,9.8e-05,girl
232866,1983,Charissa,9.8e-05,girl
232867,1983,Ciara,9.8e-05,girl
232868,1983,Liana,9.8e-05,girl
232869,1983,Shanta,9.8e-05,girl
232870,1983,Marion,9.7e-05,girl
232871,1983,Mellisa,9.7e-05,girl
232872,1983,Vickie,9.7e-05,girl
232873,1983,Zoe,9.7e-05,girl
232874,1983,Chiquita,9.7e-05,girl
232875,1983,Dwan,9.7e-05,girl
232876,1983,Ivory,9.7e-05,girl
232877,1983,Jamila,9.7e-05,girl
232878,1983,Mellissa,9.7e-05,girl
232879,1983,Phyllis,9.7e-05,girl
232880,1983,Shante,9.7e-05,girl
232881,1983,Aaron,9.6e-05,girl
232882,1983,Chantelle,9.6e-05,girl
232883,1983,Danica,9.6e-05,girl
232884,1983,Gena,9.6e-05,girl
232885,1983,Sue,9.6e-05,girl
232886,1983,Shonda,9.6e-05,girl
232887,1983,Stefani,9.6e-05,girl
232888,1983,Ami,9.5e-05,girl
232889,1983,Clare,9.5e-05,girl
232890,1983,Jesica,9.5e-05,girl
232891,1983,Lakeshia,9.5e-05,girl
232892,1983,Nikole,9.5e-05,girl
232893,1983,Pearl,9.5e-05,girl
232894,1983,Britni,9.5e-05,girl
232895,1983,Eve,9.5e-05,girl
232896,1983,Leilani,9.5e-05,girl
232897,1983,Quiana,9.5e-05,girl
232898,1983,Tristan,9.5e-05,girl
232899,1983,Eugenia,9.4e-05,girl
232900,1983,Dianne,9.3e-05,girl
232901,1983,Kiley,9.3e-05,girl
232902,1983,Viviana,9.3e-05,girl
232903,1983,Bertha,9.3e-05,girl
232904,1983,Fawn,9.3e-05,girl
232905,1983,Hallie,9.3e-05,girl
232906,1983,Lynne,9.3e-05,girl
232907,1983,Salina,9.3e-05,girl
232908,1983,Ashli,9.2e-05,girl
232909,1983,Juliet,9.2e-05,girl
232910,1983,Perla,9.2e-05,girl
232911,1983,Rebeca,9.2e-05,girl
232912,1983,Roseanna,9.2e-05,girl
232913,1983,Anthony,9.2e-05,girl
232914,1983,Kori,9.2e-05,girl
232915,1983,Shaneka,9.2e-05,girl
232916,1983,Consuelo,9.1e-05,girl
232917,1983,Jazmin,9.1e-05,girl
232918,1983,Joelle,9.1e-05,girl
232919,1983,Johnna,9.1e-05,girl
232920,1983,Micah,9.1e-05,girl
232921,1983,Paola,9.1e-05,girl
232922,1983,Alexia,9e-05,girl
232923,1983,Chana,9e-05,girl
232924,1983,Kandace,9e-05,girl
232925,1983,Krysta,9e-05,girl
232926,1983,Starr,9e-05,girl
232927,1983,Susie,9e-05,girl
232928,1983,Ashlea,8.9e-05,girl
232929,1983,Cherish,8.9e-05,girl
232930,1983,Deanne,8.9e-05,girl
232931,1983,Kandi,8.9e-05,girl
232932,1983,Kylee,8.9e-05,girl
232933,1983,Stephenie,8.9e-05,girl
232934,1983,Nathalie,8.9e-05,girl
232935,1983,Cameron,8.8e-05,girl
232936,1983,Carley,8.8e-05,girl
232937,1983,Harmony,8.8e-05,girl
232938,1983,Jada,8.8e-05,girl
232939,1983,Kirstin,8.8e-05,girl
232940,1983,Toccara,8.8e-05,girl
232941,1983,Brook,8.8e-05,girl
232942,1983,Caitlyn,8.8e-05,girl
232943,1983,Cathryn,8.8e-05,girl
232944,1983,Keely,8.8e-05,girl
232945,1983,Brian,8.7e-05,girl
232946,1983,Caryn,8.7e-05,girl
232947,1983,Julianna,8.7e-05,girl
232948,1983,Cassondra,8.7e-05,girl
232949,1983,Latoria,8.7e-05,girl
232950,1983,Lia,8.7e-05,girl
232951,1983,Rosalie,8.7e-05,girl
232952,1983,Bailey,8.6e-05,girl
232953,1983,Ella,8.6e-05,girl
232954,1983,Eric,8.6e-05,girl
232955,1983,Therese,8.6e-05,girl
232956,1983,Marisela,8.6e-05,girl
232957,1983,Dionne,8.5e-05,girl
232958,1983,Iesha,8.5e-05,girl
232959,1983,Kacy,8.5e-05,girl
232960,1983,Kerrie,8.5e-05,girl
232961,1983,Lawanda,8.5e-05,girl
232962,1983,Mona,8.5e-05,girl
232963,1983,Reyna,8.5e-05,girl
232964,1983,Valeria,8.5e-05,girl
232965,1983,Cody,8.4e-05,girl
232966,1983,Dixie,8.4e-05,girl
232967,1983,Ida,8.4e-05,girl
232968,1983,Malia,8.4e-05,girl
232969,1983,Portia,8.4e-05,girl
232970,1983,Tamera,8.4e-05,girl
232971,1983,Tyesha,8.4e-05,girl
232972,1983,Davina,8.4e-05,girl
232973,1983,Jessi,8.4e-05,girl
232974,1983,Kay,8.4e-05,girl
232975,1983,Maira,8.4e-05,girl
232976,1983,Rosalyn,8.4e-05,girl
232977,1983,Shantell,8.4e-05,girl
232978,1983,Suzanna,8.4e-05,girl
232979,1983,Tana,8.4e-05,girl
232980,1983,Alina,8.3e-05,girl
232981,1983,Lois,8.3e-05,girl
232982,1983,Meggan,8.3e-05,girl
232983,1983,Katheryn,8.3e-05,girl
232984,1983,Ada,8.2e-05,girl
232985,1983,Shakira,8.2e-05,girl
232986,1983,Shavonne,8.2e-05,girl
232987,1983,Thomas,8.2e-05,girl
232988,1983,Ursula,8.2e-05,girl
232989,1983,Eunice,8.2e-05,girl
232990,1983,Mai,8.2e-05,girl
232991,1983,Susanne,8.2e-05,girl
232992,1983,Vera,8.2e-05,girl
232993,1983,Anya,8.1e-05,girl
232994,1983,Chaya,8.1e-05,girl
232995,1983,Lisette,8.1e-05,girl
232996,1983,Tawny,8.1e-05,girl
232997,1983,Kevin,8.1e-05,girl
232998,1983,Jan,8e-05,girl
232999,1983,Karie,8e-05,girl
233000,1984,Jennifer,0.028058,girl
233001,1984,Jessica,0.025446,girl
233002,1984,Ashley,0.021515,girl
233003,1984,Amanda,0.018811,girl
233004,1984,Sarah,0.014352,girl
233005,1984,Stephanie,0.012771,girl
233006,1984,Nicole,0.012356,girl
233007,1984,Melissa,0.01215,girl
233008,1984,Heather,0.011923,girl
233009,1984,Elizabeth,0.011289,girl
233010,1984,Megan,0.009421,girl
233011,1984,Crystal,0.009191,girl
233012,1984,Amy,0.008875,girl
233013,1984,Tiffany,0.008799,girl
233014,1984,Rachel,0.008792,girl
233015,1984,Danielle,0.008686,girl
233016,1984,Michelle,0.008596,girl
233017,1984,Amber,0.008528,girl
233018,1984,Laura,0.008217,girl
233019,1984,Christina,0.008157,girl
233020,1984,Lauren,0.008026,girl
233021,1984,Kimberly,0.008011,girl
233022,1984,Rebecca,0.007406,girl
233023,1984,Emily,0.007095,girl
233024,1984,Erin,0.007003,girl
233025,1984,Angela,0.00627,girl
233026,1984,Kelly,0.006221,girl
233027,1984,Andrea,0.005741,girl
233028,1984,Lisa,0.00568,girl
233029,1984,Katherine,0.005629,girl
233030,1984,Jamie,0.005416,girl
233031,1984,Sara,0.005169,girl
233032,1984,Mary,0.005152,girl
233033,1984,Erica,0.005148,girl
233034,1984,Lindsey,0.005002,girl
233035,1984,Lindsay,0.004721,girl
233036,1984,Shannon,0.004705,girl
233037,1984,Kristen,0.004652,girl
233038,1984,Samantha,0.004456,girl
233039,1984,Alicia,0.004339,girl
233040,1984,Brittany,0.004253,girl
233041,1984,April,0.004199,girl
233042,1984,Christine,0.004046,girl
233043,1984,Katie,0.003978,girl
233044,1984,Vanessa,0.003971,girl
233045,1984,Courtney,0.003968,girl
233046,1984,Kristin,0.003889,girl
233047,1984,Kathryn,0.003626,girl
233048,1984,Tara,0.003486,girl
233049,1984,Maria,0.003386,girl
233050,1984,Allison,0.003349,girl
233051,1984,Julie,0.003298,girl
233052,1984,Holly,0.003289,girl
233053,1984,Jenna,0.003261,girl
233054,1984,Natalie,0.003082,girl
233055,1984,Jacqueline,0.003079,girl
233056,1984,Anna,0.002941,girl
233057,1984,Monica,0.002846,girl
233058,1984,Victoria,0.002816,girl
233059,1984,Latoya,0.002802,girl
233060,1984,Brandi,0.00269,girl
233061,1984,Cynthia,0.002565,girl
233062,1984,Cassandra,0.002544,girl
233063,1984,Brandy,0.002543,girl
233064,1984,Meghan,0.002499,girl
233065,1984,Patricia,0.002482,girl
233066,1984,Stacy,0.002466,girl
233067,1984,Kristina,0.002402,girl
233068,1984,Catherine,0.002348,girl
233069,1984,Veronica,0.002223,girl
233070,1984,Kathleen,0.002211,girl
233071,1984,Diana,0.002198,girl
233072,1984,Dana,0.002186,girl
233073,1984,Krystal,0.002183,girl
233074,1984,Leslie,0.002117,girl
233075,1984,Valerie,0.002065,girl
233076,1984,Natasha,0.002058,girl
233077,1984,Carrie,0.002049,girl
233078,1984,Stacey,0.002025,girl
233079,1984,Sheena,0.001997,girl
233080,1984,Erika,0.001963,girl
233081,1984,Karen,0.001962,girl
233082,1984,Chelsea,0.00196,girl
233083,1984,Leah,0.00196,girl
233084,1984,Melanie,0.00195,girl
233085,1984,Candice,0.001882,girl
233086,1984,Julia,0.001861,girl
233087,1984,Joanna,0.001844,girl
233088,1984,Alexis,0.001825,girl
233089,1984,Susan,0.001728,girl
233090,1984,Tracy,0.001692,girl
233091,1984,Margaret,0.001683,girl
233092,1984,Bethany,0.001652,girl
233093,1984,Sandra,0.001595,girl
233094,1984,Kara,0.001584,girl
233095,1984,Alexandra,0.001558,girl
233096,1984,Nichole,0.001557,girl
233097,1984,Misty,0.001549,girl
233098,1984,Brooke,0.001524,girl
233099,1984,Kayla,0.001487,girl
233100,1984,Candace,0.00148,girl
233101,1984,Heidi,0.001478,girl
233102,1984,Rachael,0.001472,girl
233103,1984,Pamela,0.001464,girl
233104,1984,Katrina,0.001459,girl
233105,1984,Jillian,0.001455,girl
233106,1984,Casey,0.001433,girl
233107,1984,Renee,0.001432,girl
233108,1984,Gina,0.00142,girl
233109,1984,Alison,0.001393,girl
233110,1984,Tina,0.001391,girl
233111,1984,Brenda,0.001385,girl
233112,1984,Nancy,0.00138,girl
233113,1984,Miranda,0.001376,girl
233114,1984,Denise,0.001365,girl
233115,1984,Lacey,0.001332,girl
233116,1984,Teresa,0.001326,girl
233117,1984,Caitlin,0.001301,girl
233118,1984,Linda,0.001295,girl
233119,1984,Jill,0.001291,girl
233120,1984,Theresa,0.00128,girl
233121,1984,Sabrina,0.001277,girl
233122,1984,Alisha,0.00127,girl
233123,1984,Whitney,0.001268,girl
233124,1984,Tamara,0.001267,girl
233125,1984,Hannah,0.001255,girl
233126,1984,Anne,0.001239,girl
233127,1984,Desiree,0.001237,girl
233128,1984,Melinda,0.001237,girl
233129,1984,Monique,0.001222,girl
233130,1984,Molly,0.00121,girl
233131,1984,Morgan,0.001207,girl
233132,1984,Krista,0.001204,girl
233133,1984,Jaclyn,0.001202,girl
233134,1984,Kristy,0.001197,girl
233135,1984,Jenny,0.001185,girl
233136,1984,Stefanie,0.001181,girl
233137,1984,Ebony,0.00118,girl
233138,1984,Robin,0.001171,girl
233139,1984,Tanya,0.001171,girl
233140,1984,Dawn,0.00117,girl
233141,1984,Tabitha,0.001169,girl
233142,1984,Lori,0.001152,girl
233143,1984,Colleen,0.001149,girl
233144,1984,Christy,0.001125,girl
233145,1984,Wendy,0.001124,girl
233146,1984,Kelli,0.0011,girl
233147,1984,Meredith,0.001073,girl
233148,1984,Jasmine,0.00107,girl
233149,1984,Kendra,0.001065,girl
233150,1984,Deanna,0.001063,girl
233151,1984,Barbara,0.001031,girl
233152,1984,Tonya,0.001029,girl
233153,1984,Abigail,0.001021,girl
233154,1984,Carolyn,0.001011,girl
233155,1984,Kari,0.001007,girl
233156,1984,Rebekah,0.001,girl
233157,1984,Cassie,0.000986,girl
233158,1984,Kristi,0.000981,girl
233159,1984,Ann,0.00094,girl
233160,1984,Michele,0.000938,girl
233161,1984,Angel,0.000935,girl
233162,1984,Bridget,0.000934,girl
233163,1984,Tasha,0.000934,girl
233164,1984,Meagan,0.000932,girl
233165,1984,Adrienne,0.000914,girl
233166,1984,Sharon,0.000906,girl
233167,1984,Beth,0.000905,girl
233168,1984,Caroline,0.000905,girl
233169,1984,Marissa,0.000902,girl
233170,1984,Ashlee,0.000893,girl
233171,1984,Priscilla,0.000887,girl
233172,1984,Marie,0.000879,girl
233173,1984,Latasha,0.000867,girl
233174,1984,Shana,0.000865,girl
233175,1984,Brittney,0.000865,girl
233176,1984,Kate,0.000862,girl
233177,1984,Kelsey,0.000862,girl
233178,1984,Cindy,0.000855,girl
233179,1984,Alyssa,0.000854,girl
233180,1984,Jaime,0.000835,girl
233181,1984,Tammy,0.000835,girl
233182,1984,Regina,0.000827,girl
233183,1984,Audrey,0.000823,girl
233184,1984,Felicia,0.000823,girl
233185,1984,Mallory,0.000816,girl
233186,1984,Deborah,0.000814,girl
233187,1984,Virginia,0.000811,girl
233188,1984,Carla,0.000806,girl
233189,1984,Cristina,0.000799,girl
233190,1984,Cara,0.000799,girl
233191,1984,Jacquelyn,0.000796,girl
233192,1984,Ana,0.000768,girl
233193,1984,Angelica,0.000766,girl
233194,1984,Marquita,0.000762,girl
233195,1984,Kristine,0.000755,girl
233196,1984,Brianna,0.000751,girl
233197,1984,Claudia,0.00075,girl
233198,1984,Mindy,0.000747,girl
233199,1984,Nina,0.000743,girl
233200,1984,Shawna,0.000737,girl
233201,1984,Carly,0.000734,girl
233202,1984,Cheryl,0.000734,girl
233203,1984,Carmen,0.00072,girl
233204,1984,Suzanne,0.000716,girl
233205,1984,Bonnie,0.000707,girl
233206,1984,Janet,0.000703,girl
233207,1984,Abby,0.000701,girl
233208,1984,Dominique,0.000696,girl
233209,1984,Aimee,0.000687,girl
233210,1984,Jodi,0.000682,girl
233211,1984,Janelle,0.000678,girl
233212,1984,Shanna,0.000676,girl
233213,1984,Trista,0.000674,girl
233214,1984,Martha,0.000672,girl
233215,1984,Summer,0.000672,girl
233216,1984,Lydia,0.000666,girl
233217,1984,Diane,0.000665,girl
233218,1984,Keri,0.000663,girl
233219,1984,Autumn,0.000658,girl
233220,1984,Donna,0.000656,girl
233221,1984,Ruth,0.000645,girl
233222,1984,Olivia,0.000643,girl
233223,1984,Joy,0.00064,girl
233224,1984,Daisy,0.000635,girl
233225,1984,Kellie,0.000629,girl
233226,1984,Mayra,0.000626,girl
233227,1984,Christie,0.000619,girl
233228,1984,Krystle,0.000617,girl
233229,1984,Paula,0.00061,girl
233230,1984,Robyn,0.00061,girl
233231,1984,Amelia,0.000607,girl
233232,1984,Mandy,0.000606,girl
233233,1984,Melody,0.000603,girl
233234,1984,Sophia,0.000601,girl
233235,1984,Toni,0.000599,girl
233236,1984,Yolanda,0.000595,girl
233237,1984,Rose,0.000587,girl
233238,1984,Naomi,0.000581,girl
233239,1984,Evelyn,0.000581,girl
233240,1984,Gloria,0.000581,girl
233241,1984,Shelby,0.000578,girl
233242,1984,Randi,0.000575,girl
233243,1984,Debra,0.000566,girl
233244,1984,Trisha,0.000566,girl
233245,1984,Grace,0.000561,girl
233246,1984,Hillary,0.00056,girl
233247,1984,Nikki,0.000556,girl
233248,1984,Sylvia,0.000555,girl
233249,1984,Ashleigh,0.000552,girl
233250,1984,Jessie,0.000551,girl
233251,1984,Haley,0.00055,girl
233252,1984,Stacie,0.000547,girl
233253,1984,Claire,0.000543,girl
233254,1984,Rosa,0.000541,girl
233255,1984,Adriana,0.000536,girl
233256,1984,Shauna,0.000529,girl
233257,1984,Rachelle,0.000526,girl
233258,1984,Shelly,0.000526,girl
233259,1984,Lacy,0.000521,girl
233260,1984,Charlene,0.000519,girl
233261,1984,Karla,0.000517,girl
233262,1984,Ellen,0.000517,girl
233263,1984,Sonia,0.000515,girl
233264,1984,Johanna,0.00051,girl
233265,1984,Traci,0.000506,girl
233266,1984,Sheila,0.000503,girl
233267,1984,Carol,0.000502,girl
233268,1984,Marisa,0.000499,girl
233269,1984,Kerri,0.000491,girl
233270,1984,Leigh,0.00049,girl
233271,1984,Esther,0.000489,girl
233272,1984,Hilary,0.000487,girl
233273,1984,Sherry,0.000486,girl
233274,1984,Jeanette,0.000484,girl
233275,1984,Jocelyn,0.000483,girl
233276,1984,Kasey,0.000481,girl
233277,1984,Savannah,0.000481,girl
233278,1984,Taylor,0.000481,girl
233279,1984,Anita,0.000479,girl
233280,1984,Helen,0.000477,girl
233281,1984,Frances,0.000475,girl
233282,1984,Sonya,0.000474,girl
233283,1984,Katharine,0.000472,girl
233284,1984,Alexandria,0.00047,girl
233285,1984,Maggie,0.000469,girl
233286,1984,Tracey,0.000464,girl
233287,1984,Rhonda,0.000463,girl
233288,1984,Tabatha,0.000462,girl
233289,1984,Tamika,0.000461,girl
233290,1984,Briana,0.000453,girl
233291,1984,Laurie,0.000453,girl
233292,1984,Brianne,0.000452,girl
233293,1984,Hope,0.000451,girl
233294,1984,Gabrielle,0.000449,girl
233295,1984,Raquel,0.000444,girl
233296,1984,Alissa,0.000442,girl
233297,1984,Kelley,0.000442,girl
233298,1984,Terri,0.000442,girl
233299,1984,Yvonne,0.00044,girl
233300,1984,Annie,0.00044,girl
233301,1984,Charity,0.000439,girl
233302,1984,Elisabeth,0.000438,girl
233303,1984,Tia,0.000438,girl
233304,1984,Miriam,0.000436,girl
233305,1984,Charlotte,0.000435,girl
233306,1984,Tessa,0.00043,girl
233307,1984,Kristie,0.000426,girl
233308,1984,Kira,0.000425,girl
233309,1984,Latisha,0.000425,girl
233310,1984,Angelina,0.000424,girl
233311,1984,Elise,0.00042,girl
233312,1984,Jana,0.00042,girl
233313,1984,Janice,0.000419,girl
233314,1984,Carissa,0.000417,girl
233315,1984,Leticia,0.000417,girl
233316,1984,Roxanne,0.000415,girl
233317,1984,Eva,0.000411,girl
233318,1984,Christa,0.00041,girl
233319,1984,Irene,0.000407,girl
233320,1984,Kerry,0.000405,girl
233321,1984,Chelsey,0.000404,girl
233322,1984,Jane,0.000402,girl
233323,1984,Kirsten,0.000401,girl
233324,1984,Maureen,0.0004,girl
233325,1984,Cecilia,0.0004,girl
233326,1984,Staci,0.000399,girl
233327,1984,Yvette,0.000393,girl
233328,1984,Brandie,0.000391,girl
233329,1984,Lynn,0.000391,girl
233330,1984,Shelley,0.000391,girl
233331,1984,Katelyn,0.00039,girl
233332,1984,Sandy,0.000389,girl
233333,1984,Annette,0.000386,girl
233334,1984,Rochelle,0.000383,girl
233335,1984,Alice,0.000381,girl
233336,1984,Chasity,0.000381,girl
233337,1984,Tricia,0.000379,girl
233338,1984,Dorothy,0.000379,girl
233339,1984,Kaitlin,0.000379,girl
233340,1984,Connie,0.000375,girl
233341,1984,Emma,0.000372,girl
233342,1984,Kathy,0.000372,girl
233343,1984,Jade,0.00037,girl
233344,1984,Jennie,0.000369,girl
233345,1984,Justine,0.000369,girl
233346,1984,Nadia,0.000368,girl
233347,1984,Bianca,0.000366,girl
233348,1984,Lyndsey,0.000365,girl
233349,1984,Tanisha,0.000365,girl
233350,1984,Karina,0.000364,girl
233351,1984,Alana,0.000364,girl
233352,1984,Antoinette,0.000362,girl
233353,1984,Hollie,0.00036,girl
233354,1984,Amie,0.00036,girl
233355,1984,Juanita,0.00036,girl
233356,1984,Lorena,0.000359,girl
233357,1984,Chrystal,0.000358,girl
233358,1984,Latonya,0.000358,girl
233359,1984,Elisa,0.000357,girl
233360,1984,Gabriela,0.000356,girl
233361,1984,Ariel,0.000354,girl
233362,1984,Faith,0.000353,girl
233363,1984,Clarissa,0.000351,girl
233364,1984,Camille,0.000349,girl
233365,1984,Breanna,0.000349,girl
233366,1984,Aubrey,0.000346,girl
233367,1984,Jami,0.000346,girl
233368,1984,Patrice,0.000345,girl
233369,1984,Cortney,0.000343,girl
233370,1984,Elaine,0.000343,girl
233371,1984,Eileen,0.000341,girl
233372,1984,Sally,0.000341,girl
233373,1984,Jenifer,0.000338,girl
233374,1984,Bobbie,0.000337,girl
233375,1984,Lesley,0.000337,girl
233376,1984,Paige,0.000336,girl
233377,1984,Rita,0.000334,girl
233378,1984,Leanne,0.000331,girl
233379,1984,Jordan,0.00033,girl
233380,1984,Ruby,0.00033,girl
233381,1984,Joyce,0.000329,girl
233382,1984,Shari,0.000322,girl
233383,1984,Becky,0.00032,girl
233384,1984,Serena,0.00032,girl
233385,1984,Katy,0.000315,girl
233386,1984,Judith,0.000314,girl
233387,1984,Sherri,0.000314,girl
233388,1984,Constance,0.000313,girl
233389,1984,Destiny,0.000313,girl
233390,1984,Ericka,0.000308,girl
233391,1984,Nora,0.000308,girl
233392,1984,Jody,0.000306,girl
233393,1984,Jackie,0.000303,girl
233394,1984,Jolene,0.000302,girl
233395,1984,Allyson,0.000301,girl
233396,1984,Ryan,0.000301,girl
233397,1984,Elena,0.000299,girl
233398,1984,Audra,0.000294,girl
233399,1984,Alma,0.000294,girl
233400,1984,Guadalupe,0.000293,girl
233401,1984,Marisol,0.000293,girl
233402,1984,Christin,0.000291,girl
233403,1984,Lakeisha,0.000291,girl
233404,1984,Gretchen,0.00029,girl
233405,1984,Beverly,0.00029,girl
233406,1984,Shayla,0.000289,girl
233407,1984,Taryn,0.000289,girl
233408,1984,Jean,0.000288,girl
233409,1984,Keisha,0.000288,girl
233410,1984,Terra,0.000288,girl
233411,1984,Sheri,0.000287,girl
233412,1984,Meaghan,0.000285,girl
233413,1984,Judy,0.000284,girl
233414,1984,Alisa,0.000283,girl
233415,1984,Joanne,0.000283,girl
233416,1984,Celeste,0.000282,girl
233417,1984,Devon,0.000282,girl
233418,1984,Janine,0.000282,girl
233419,1984,Michael,0.000282,girl
233420,1984,Marilyn,0.000281,girl
233421,1984,Lara,0.000281,girl
233422,1984,Betty,0.000278,girl
233423,1984,Christen,0.000278,girl
233424,1984,Celia,0.000277,girl
233425,1984,Corinne,0.000276,girl
233426,1984,Jena,0.000273,girl
233427,1984,Laurel,0.000273,girl
233428,1984,Kristal,0.000272,girl
233429,1984,Rosemary,0.000271,girl
233430,1984,Belinda,0.00027,girl
233431,1984,Bridgette,0.000268,girl
233432,1984,Tameka,0.000268,girl
233433,1984,Blair,0.000268,girl
233434,1984,Callie,0.000267,girl
233435,1984,Genevieve,0.000266,girl
233436,1984,Lakisha,0.000266,girl
233437,1984,Shirley,0.000264,girl
233438,1984,Maribel,0.000264,girl
233439,1984,Iris,0.000261,girl
233440,1984,Jodie,0.000261,girl
233441,1984,Kendall,0.000261,girl
233442,1984,Elisha,0.00026,girl
233443,1984,Lillian,0.00026,girl
233444,1984,Sasha,0.000259,girl
233445,1984,Alyson,0.000258,girl
233446,1984,Angie,0.000258,girl
233447,1984,Britney,0.000258,girl
233448,1984,Lena,0.000256,girl
233449,1984,Norma,0.000256,girl
233450,1984,Adrian,0.000254,girl
233451,1984,Darlene,0.000254,girl
233452,1984,Christian,0.000254,girl
233453,1984,Julianne,0.000254,girl
233454,1984,Tracie,0.000253,girl
233455,1984,Betsy,0.000253,girl
233456,1984,Larissa,0.000253,girl
233457,1984,Bobbi,0.000251,girl
233458,1984,Jasmin,0.000251,girl
233459,1984,Shayna,0.000251,girl
233460,1984,Alejandra,0.000251,girl
233461,1984,Fallon,0.000251,girl
233462,1984,Mia,0.000251,girl
233463,1984,Kaitlyn,0.00025,girl
233464,1984,Dianna,0.000249,girl
233465,1984,Teri,0.000249,girl
233466,1984,Joann,0.000249,girl
233467,1984,Jayme,0.000246,girl
233468,1984,Ashlie,0.000246,girl
233469,1984,Noelle,0.000244,girl
233470,1984,Chanel,0.000243,girl
233471,1984,Josephine,0.000243,girl
233472,1984,Marlene,0.000243,girl
233473,1984,Leann,0.000241,girl
233474,1984,Hayley,0.00024,girl
233475,1984,Chandra,0.000239,girl
233476,1984,Ginger,0.000239,girl
233477,1984,Tiffani,0.000238,girl
233478,1984,Elyse,0.000236,girl
233479,1984,Lora,0.000236,girl
233480,1984,Lucy,0.000235,girl
233481,1984,Kacie,0.000233,girl
233482,1984,Isabel,0.000233,girl
233483,1984,Marina,0.000231,girl
233484,1984,Adrianne,0.000231,girl
233485,1984,Tera,0.000231,girl
233486,1984,Yesenia,0.000231,girl
233487,1984,Tiana,0.000229,girl
233488,1984,Brenna,0.000228,girl
233489,1984,Vivian,0.000227,girl
233490,1984,Raven,0.000226,girl
233491,1984,Cassidy,0.000226,girl
233492,1984,Dena,0.000224,girl
233493,1984,Lea,0.000224,girl
233494,1984,Tiara,0.000223,girl
233495,1984,Chantel,0.000222,girl
233496,1984,Margarita,0.000222,girl
233497,1984,Trina,0.000222,girl
233498,1984,Susana,0.00022,girl
233499,1984,Jacklyn,0.000219,girl
233500,1984,Tania,0.000219,girl
233501,1984,Tiffanie,0.000219,girl
233502,1984,Christopher,0.000218,girl
233503,1984,Esmeralda,0.000217,girl
233504,1984,Anastasia,0.000217,girl
233505,1984,Christi,0.000215,girl
233506,1984,Billie,0.000215,girl
233507,1984,Tatiana,0.000215,girl
233508,1984,Daniela,0.000214,girl
233509,1984,Kim,0.000214,girl
233510,1984,Shameka,0.000214,girl
233511,1984,Blanca,0.000212,girl
233512,1984,Lorraine,0.00021,girl
233513,1984,Breanne,0.00021,girl
233514,1984,Carolina,0.000209,girl
233515,1984,Lacie,0.000208,girl
233516,1984,Lana,0.000208,girl
233517,1984,Melisa,0.000208,girl
233518,1984,Cathy,0.000207,girl
233519,1984,Darcy,0.000207,girl
233520,1984,Joni,0.000207,girl
233521,1984,Casandra,0.000206,girl
233522,1984,Aisha,0.000205,girl
233523,1984,Kyla,0.000205,girl
233524,1984,Selena,0.000204,girl
233525,1984,Kirby,0.000204,girl
233526,1984,Rosanna,0.000203,girl
233527,1984,Ashly,0.000202,girl
233528,1984,Debbie,0.000202,girl
233529,1984,Lyndsay,0.000202,girl
233530,1984,Chelsie,0.000201,girl
233531,1984,Ariana,0.0002,girl
233532,1984,Lee,0.0002,girl
233533,1984,Rhiannon,0.0002,girl
233534,1984,Gwendolyn,0.000199,girl
233535,1984,Cherie,0.000199,girl
233536,1984,Abbey,0.000198,girl
233537,1984,Alaina,0.000198,girl
233538,1984,Janna,0.000198,girl
233539,1984,Lashonda,0.000198,girl
233540,1984,Latrice,0.000196,girl
233541,1984,Arlene,0.000194,girl
233542,1984,Marcia,0.000194,girl
233543,1984,Francesca,0.000193,girl
233544,1984,Dina,0.000193,girl
233545,1984,Natalia,0.000193,girl
233546,1984,Marsha,0.000192,girl
233547,1984,Mandi,0.000191,girl
233548,1984,Racheal,0.000191,girl
233549,1984,Angelique,0.00019,girl
233550,1984,Kassandra,0.00019,girl
233551,1984,Lynette,0.00019,girl
233552,1984,Jeannie,0.000188,girl
233553,1984,Antonia,0.000187,girl
233554,1984,Cheri,0.000187,girl
233555,1984,Liliana,0.000187,girl
233556,1984,Mackenzie,0.000186,girl
233557,1984,Lucia,0.000185,girl
233558,1984,Michaela,0.000185,girl
233559,1984,Alecia,0.000184,girl
233560,1984,Leanna,0.000183,girl
233561,1984,India,0.000182,girl
233562,1984,Joan,0.000182,girl
233563,1984,Peggy,0.000182,girl
233564,1984,Kimberley,0.000182,girl
233565,1984,Tierra,0.000182,girl
233566,1984,Athena,0.00018,girl
233567,1984,Rocio,0.000179,girl
233568,1984,Shaina,0.000179,girl
233569,1984,Asia,0.000179,girl
233570,1984,Bernadette,0.000179,girl
233571,1984,Dayna,0.000178,girl
233572,1984,Lakesha,0.000178,girl
233573,1984,Nadine,0.000178,girl
233574,1984,Candy,0.000178,girl
233575,1984,Clara,0.000177,girl
233576,1984,Deidre,0.000177,girl
233577,1984,Martina,0.000177,girl
233578,1984,Elissa,0.000175,girl
233579,1984,Karissa,0.000175,girl
233580,1984,Roberta,0.000175,girl
233581,1984,Kenya,0.000174,girl
233582,1984,Kylie,0.000173,girl
233583,1984,Luz,0.000173,girl
233584,1984,Mariah,0.000173,girl
233585,1984,Myra,0.000172,girl
233586,1984,Chloe,0.000171,girl
233587,1984,Loretta,0.000171,girl
233588,1984,Janie,0.00017,girl
233589,1984,Kali,0.00017,girl
233590,1984,Deana,0.000169,girl
233591,1984,Maranda,0.000169,girl
233592,1984,Juliana,0.000168,girl
233593,1984,Catrina,0.000168,girl
233594,1984,Corina,0.000168,girl
233595,1984,Jeanne,0.000167,girl
233596,1984,Shantel,0.000167,girl
233597,1984,Maritza,0.000167,girl
233598,1984,Arielle,0.000166,girl
233599,1984,Laci,0.000165,girl
233600,1984,Devin,0.000165,girl
233601,1984,Tami,0.000164,girl
233602,1984,Georgia,0.000164,girl
233603,1984,Kristyn,0.000164,girl
233604,1984,Araceli,0.000163,girl
233605,1984,Corey,0.000163,girl
233606,1984,Loren,0.000163,girl
233607,1984,Matthew,0.000163,girl
233608,1984,Mercedes,0.000163,girl
233609,1984,Mollie,0.000163,girl
233610,1984,Silvia,0.000163,girl
233611,1984,Edith,0.000162,girl
233612,1984,Tori,0.000162,girl
233613,1984,Wanda,0.000162,girl
233614,1984,Tosha,0.000162,girl
233615,1984,Latosha,0.00016,girl
233616,1984,Valarie,0.00016,girl
233617,1984,Janell,0.00016,girl
233618,1984,Jesse,0.000159,girl
233619,1984,Ladonna,0.000159,girl
233620,1984,Cori,0.000159,girl
233621,1984,Marianne,0.000159,girl
233622,1984,Madeline,0.000158,girl
233623,1984,Alesha,0.000157,girl
233624,1984,Brittani,0.000157,girl
233625,1984,Celina,0.000157,girl
233626,1984,Sydney,0.000157,girl
233627,1984,Daphne,0.000156,girl
233628,1984,Jeannette,0.000156,girl
233629,1984,Shamika,0.000156,girl
233630,1984,Liza,0.000155,girl
233631,1984,Penny,0.000155,girl
233632,1984,Cari,0.000154,girl
233633,1984,Bridgett,0.000154,girl
233634,1984,Dara,0.000154,girl
233635,1984,Marcella,0.000154,girl
233636,1984,Precious,0.000154,girl
233637,1984,Shanika,0.000154,girl
233638,1984,Alanna,0.000153,girl
233639,1984,Justina,0.000153,girl
233640,1984,Andria,0.000152,girl
233641,1984,Irma,0.000152,girl
233642,1984,Ashely,0.000151,girl
233643,1984,Karin,0.000151,girl
233644,1984,Marjorie,0.00015,girl
233645,1984,Marla,0.00015,girl
233646,1984,Daniel,0.000149,girl
233647,1984,Maryann,0.000149,girl
233648,1984,Nakia,0.000149,girl
233649,1984,Joshua,0.000149,girl
233650,1984,Shawn,0.000149,girl
233651,1984,Bailey,0.000148,girl
233652,1984,Sherrie,0.000148,girl
233653,1984,Talia,0.000148,girl
233654,1984,Christal,0.000148,girl
233655,1984,Kandice,0.000148,girl
233656,1984,Leeann,0.000148,girl
233657,1984,Octavia,0.000148,girl
233658,1984,Aileen,0.000147,girl
233659,1984,Noemi,0.000147,girl
233660,1984,Sonja,0.000147,girl
233661,1984,Tarah,0.000147,girl
233662,1984,Janette,0.000146,girl
233663,1984,Princess,0.000145,girl
233664,1984,Simone,0.000145,girl
233665,1984,Malinda,0.000144,girl
233666,1984,Ivy,0.000144,girl
233667,1984,Linsey,0.000143,girl
233668,1984,Susanna,0.000143,girl
233669,1984,Kimberlee,0.000142,girl
233670,1984,Gillian,0.000142,girl
233671,1984,Hanna,0.00014,girl
233672,1984,Kati,0.00014,girl
233673,1984,Olga,0.00014,girl
233674,1984,Emilie,0.000139,girl
233675,1984,Holli,0.000139,girl
233676,1984,Sofia,0.000139,girl
233677,1984,Abbie,0.000138,girl
233678,1984,Josie,0.000138,girl
233679,1984,Selina,0.000138,girl
233680,1984,Beatriz,0.000138,girl
233681,1984,Carina,0.000137,girl
233682,1984,Ingrid,0.000137,girl
233683,1984,Fatima,0.000136,girl
233684,1984,Maegan,0.000136,girl
233685,1984,Eliza,0.000135,girl
233686,1984,Marcy,0.000135,girl
233687,1984,Candi,0.000135,girl
233688,1984,Doris,0.000135,girl
233689,1984,Eleanor,0.000135,girl
233690,1984,Tanesha,0.000135,girl
233691,1984,Jeanine,0.000134,girl
233692,1984,Danelle,0.000134,girl
233693,1984,Noel,0.000134,girl
233694,1984,Maya,0.000133,girl
233695,1984,Eboni,0.000133,girl
233696,1984,James,0.000132,girl
233697,1984,Venessa,0.000132,girl
233698,1984,Britni,0.000132,girl
233699,1984,Cristy,0.000132,girl
233700,1984,Deidra,0.000132,girl
233701,1984,Gail,0.000132,girl
233702,1984,John,0.000132,girl
233703,1984,Meghann,0.000131,girl
233704,1984,Beatrice,0.00013,girl
233705,1984,Brandon,0.00013,girl
233706,1984,Ciara,0.00013,girl
233707,1984,David,0.00013,girl
233708,1984,Adrianna,0.00013,girl
233709,1984,Dora,0.00013,girl
233710,1984,Daniella,0.000129,girl
233711,1984,Marcie,0.000129,girl
233712,1984,Glenda,0.000128,girl
233713,1984,Griselda,0.000128,girl
233714,1984,Marci,0.000128,girl
233715,1984,Pauline,0.000128,girl
233716,1984,Kyle,0.000128,girl
233717,1984,Mara,0.000128,girl
233718,1984,Robert,0.000128,girl
233719,1984,Sierra,0.000128,girl
233720,1984,Marlena,0.000127,girl
233721,1984,Misti,0.000127,girl
233722,1984,Gladys,0.000127,girl
233723,1984,Lucinda,0.000127,girl
233724,1984,Hailey,0.000125,girl
233725,1984,Sharonda,0.000125,girl
233726,1984,Siobhan,0.000125,girl
233727,1984,Lynda,0.000125,girl
233728,1984,Candis,0.000124,girl
233729,1984,Delilah,0.000124,girl
233730,1984,Annmarie,0.000124,girl
233731,1984,Cora,0.000124,girl
233732,1984,Lynsey,0.000124,girl
233733,1984,Tasia,0.000124,girl
233734,1984,Laquita,0.000123,girl
233735,1984,Lily,0.000123,girl
233736,1984,Nicolette,0.000123,girl
233737,1984,Rena,0.000123,girl
233738,1984,Vicki,0.000123,girl
233739,1984,Maura,0.000123,girl
233740,1984,Sheryl,0.000123,girl
233741,1984,Jenelle,0.000122,girl
233742,1984,Maricela,0.000122,girl
233743,1984,Cameron,0.000122,girl
233744,1984,Casie,0.000122,girl
233745,1984,Renae,0.000122,girl
233746,1984,Geneva,0.000121,girl
233747,1984,Kacey,0.000121,girl
233748,1984,Sadie,0.00012,girl
233749,1984,Cory,0.00012,girl
233750,1984,Elsa,0.00012,girl
233751,1984,Kassie,0.00012,girl
233752,1984,Tamra,0.00012,girl
233753,1984,Tess,0.00012,girl
233754,1984,Janae,0.000119,girl
233755,1984,Chastity,0.000119,girl
233756,1984,Santana,0.000119,girl
233757,1984,Caitlyn,0.000118,girl
233758,1984,Jeri,0.000118,girl
233759,1984,Shanda,0.000118,girl
233760,1984,Cristal,0.000118,girl
233761,1984,Desirae,0.000118,girl
233762,1984,Joseph,0.000117,girl
233763,1984,Kourtney,0.000117,girl
233764,1984,Viviana,0.000117,girl
233765,1984,Brynn,0.000117,girl
233766,1984,Cherish,0.000117,girl
233767,1984,Clare,0.000117,girl
233768,1984,Jo,0.000117,girl
233769,1984,Cody,0.000116,girl
233770,1984,Jeanna,0.000116,girl
233771,1984,Perla,0.000116,girl
233772,1984,Alexa,0.000115,girl
233773,1984,Lizette,0.000115,girl
233774,1984,Louise,0.000115,girl
233775,1984,Rene,0.000115,girl
233776,1984,Sheree,0.000115,girl
233777,1984,Edna,0.000115,girl
233778,1984,Janel,0.000115,girl
233779,1984,Vicky,0.000115,girl
233780,1984,Kristan,0.000114,girl
233781,1984,Aurora,0.000114,girl
233782,1984,Jason,0.000114,girl
233783,1984,Grisel,0.000113,girl
233784,1984,Kathrine,0.000113,girl
233785,1984,Tabetha,0.000113,girl
233786,1984,Francine,0.000113,girl
233787,1984,Leila,0.000113,girl
233788,1984,Shanell,0.000113,girl
233789,1984,Keely,0.000112,girl
233790,1984,Kristian,0.000112,girl
233791,1984,Carey,0.000112,girl
233792,1984,Delia,0.000112,girl
233793,1984,Gena,0.000112,girl
233794,1984,Danica,0.000111,girl
233795,1984,Helena,0.000111,girl
233796,1984,Zoe,0.000111,girl
233797,1984,Kala,0.00011,girl
233798,1984,Kandace,0.00011,girl
233799,1984,Marian,0.00011,girl
233800,1984,Ramona,0.00011,girl
233801,1984,Joelle,0.00011,girl
233802,1984,Darla,0.000109,girl
233803,1984,Kaci,0.000109,girl
233804,1984,Mariana,0.000109,girl
233805,1984,Shena,0.000109,girl
233806,1984,Stevie,0.000109,girl
233807,1984,Tammie,0.000109,girl
233808,1984,Adriane,0.000108,girl
233809,1984,Alycia,0.000108,girl
233810,1984,Colette,0.000108,girl
233811,1984,Nathalie,0.000108,girl
233812,1984,Reyna,0.000108,girl
233813,1984,Sondra,0.000108,girl
233814,1984,Shanta,0.000108,girl
233815,1984,Corrie,0.000107,girl
233816,1984,Giselle,0.000107,girl
233817,1984,Georgina,0.000107,girl
233818,1984,Kyra,0.000107,girl
233819,1984,Latoria,0.000107,girl
233820,1984,Chana,0.000106,girl
233821,1984,Chiquita,0.000106,girl
233822,1984,Demetria,0.000106,girl
233823,1984,Kaylee,0.000106,girl
233824,1984,Lindy,0.000106,girl
233825,1984,Shara,0.000106,girl
233826,1984,Annemarie,0.000105,girl
233827,1984,Stella,0.000105,girl
233828,1984,Tyler,0.000105,girl
233829,1984,Kia,0.000105,girl
233830,1984,Shasta,0.000105,girl
233831,1984,Hilda,0.000104,girl
233832,1984,Kylee,0.000104,girl
233833,1984,Roxana,0.000104,girl
233834,1984,Deena,0.000103,girl
233835,1984,Shantell,0.000103,girl
233836,1984,Shante,0.000103,girl
233837,1984,Jonathan,0.000102,girl
233838,1984,Julianna,0.000102,girl
233839,1984,Krysta,0.000102,girl
233840,1984,Charmaine,0.000102,girl
233841,1984,Deirdre,0.000102,girl
233842,1984,Malissa,0.000102,girl
233843,1984,Tanika,0.000102,girl
233844,1984,Ashli,0.000101,girl
233845,1984,Echo,0.000101,girl
233846,1984,Jenni,0.000101,girl
233847,1984,Jeana,0.0001,girl
233848,1984,Kami,0.0001,girl
233849,1984,Terry,0.0001,girl
233850,1984,Justin,0.0001,girl
233851,1984,Karrie,0.0001,girl
233852,1984,Valencia,0.0001,girl
233853,1984,Carley,9.9e-05,girl
233854,1984,Kerrie,9.9e-05,girl
233855,1984,Tisha,9.9e-05,girl
233856,1984,Mai,9.9e-05,girl
233857,1984,Rosalinda,9.9e-05,girl
233858,1984,Shalonda,9.9e-05,girl
233859,1984,Shea,9.9e-05,girl
233860,1984,Shenna,9.9e-05,girl
233861,1984,Yadira,9.9e-05,girl
233862,1984,Cathleen,9.8e-05,girl
233863,1984,Cecelia,9.8e-05,girl
233864,1984,Charissa,9.8e-05,girl
233865,1984,Dolores,9.8e-05,girl
233866,1984,Latanya,9.8e-05,girl
233867,1984,Aja,9.7e-05,girl
233868,1984,Cheyenne,9.7e-05,girl
233869,1984,Kiley,9.7e-05,girl
233870,1984,Micah,9.7e-05,girl
233871,1984,Teela,9.7e-05,girl
233872,1984,Marta,9.7e-05,girl
233873,1984,Brook,9.6e-05,girl
233874,1984,Mari,9.6e-05,girl
233875,1984,Marisela,9.6e-05,girl
233876,1984,Rikki,9.6e-05,girl
233877,1984,Jessi,9.5e-05,girl
233878,1984,Lashanda,9.5e-05,girl
233879,1984,Stefani,9.5e-05,girl
233880,1984,Jesica,9.4e-05,girl
233881,1984,Katheryn,9.4e-05,girl
233882,1984,Luisa,9.4e-05,girl
233883,1984,Susie,9.4e-05,girl
233884,1984,Juana,9.4e-05,girl
233885,1984,Monika,9.4e-05,girl
233886,1984,Pearl,9.4e-05,girl
233887,1984,Elaina,9.3e-05,girl
233888,1984,Melina,9.3e-05,girl
233889,1984,Portia,9.3e-05,girl
233890,1984,Rosemarie,9.3e-05,girl
233891,1984,Tenisha,9.3e-05,girl
233892,1984,Cristin,9.3e-05,girl
233893,1984,Emilee,9.3e-05,girl
233894,1984,Lakeshia,9.3e-05,girl
233895,1984,Rosalie,9.3e-05,girl
233896,1984,Roxanna,9.3e-05,girl
233897,1984,Tonia,9.3e-05,girl
233898,1984,Ashlea,9.2e-05,girl
233899,1984,Chantelle,9.2e-05,girl
233900,1984,Graciela,9.2e-05,girl
233901,1984,Jamila,9.2e-05,girl
233902,1984,Lissette,9.2e-05,girl
233903,1984,Kirstin,9.2e-05,girl
233904,1984,Stacia,9.2e-05,girl
233905,1984,Wendi,9.2e-05,girl
233906,1984,Ami,9.1e-05,girl
233907,1984,Corrine,9.1e-05,girl
233908,1984,Hallie,9.1e-05,girl
233909,1984,Iesha,9.1e-05,girl
233910,1984,Marion,9.1e-05,girl
233911,1984,Ronda,9.1e-05,girl
233912,1984,Savanna,9.1e-05,girl
233913,1984,Falon,9e-05,girl
233914,1984,Jazmin,9e-05,girl
233915,1984,Sharita,9e-05,girl
233916,1984,Tristan,9e-05,girl
233917,1984,Jada,9e-05,girl
233918,1984,Salina,9e-05,girl
233919,1984,Carlie,8.9e-05,girl
233920,1984,Dianne,8.9e-05,girl
233921,1984,Harmony,8.9e-05,girl
233922,1984,Loni,8.9e-05,girl
233923,1984,Suzanna,8.9e-05,girl
233924,1984,Tyesha,8.9e-05,girl
233925,1984,Lawanda,8.9e-05,girl
233926,1984,Lourdes,8.9e-05,girl
233927,1984,Paola,8.9e-05,girl
233928,1984,Breann,8.8e-05,girl
233929,1984,William,8.8e-05,girl
233930,1984,Anthony,8.8e-05,girl
233931,1984,Liana,8.8e-05,girl
233932,1984,Mckenzie,8.8e-05,girl
233933,1984,Alexia,8.7e-05,girl
233934,1984,Bernice,8.7e-05,girl
233935,1984,Kori,8.7e-05,girl
233936,1984,Tana,8.7e-05,girl
233937,1984,Maira,8.7e-05,girl
233938,1984,Meggan,8.7e-05,girl
233939,1984,Sherita,8.7e-05,girl
233940,1984,Cathryn,8.6e-05,girl
233941,1984,Janessa,8.6e-05,girl
233942,1984,Mellissa,8.6e-05,girl
233943,1984,Sophie,8.6e-05,girl
233944,1984,Ada,8.5e-05,girl
233945,1984,Jaimie,8.5e-05,girl
233946,1984,June,8.5e-05,girl
233947,1984,Therese,8.5e-05,girl
233948,1984,Ida,8.5e-05,girl
233949,1984,Kasandra,8.5e-05,girl
233950,1984,Markita,8.5e-05,girl
233951,1984,Stephaine,8.5e-05,girl
233952,1984,Andrew,8.4e-05,girl
233953,1984,Richelle,8.4e-05,girl
233954,1984,Shavon,8.4e-05,girl
233955,1984,Darcie,8.4e-05,girl
233956,1984,Gabriella,8.4e-05,girl
233957,1984,Phyllis,8.4e-05,girl
233958,1984,Quiana,8.4e-05,girl
233959,1984,Tawny,8.4e-05,girl
233960,1984,Vickie,8.4e-05,girl
233961,1984,Antionette,8.3e-05,girl
233962,1984,Ciji,8.3e-05,girl
233963,1984,Darci,8.3e-05,girl
233964,1984,Eugenia,8.3e-05,girl
233965,1984,Karly,8.3e-05,girl
233966,1984,Alesia,8.3e-05,girl
233967,1984,Chaya,8.3e-05,girl
233968,1984,Damaris,8.3e-05,girl
233969,1984,Lisette,8.3e-05,girl
233970,1984,Magdalena,8.3e-05,girl
233971,1984,Mildred,8.3e-05,girl
233972,1984,Shanon,8.3e-05,girl
233973,1984,Starla,8.3e-05,girl
233974,1984,Brian,8.2e-05,girl
233975,1984,Danyelle,8.2e-05,girl
233976,1984,Davina,8.2e-05,girl
233977,1984,Cherise,8.2e-05,girl
233978,1984,Eric,8.2e-05,girl
233979,1984,Jeannine,8.2e-05,girl
233980,1984,Johnna,8.2e-05,girl
233981,1984,Magen,8.2e-05,girl
233982,1984,Margo,8.2e-05,girl
233983,1984,Natosha,8.2e-05,girl
233984,1984,Sue,8.2e-05,girl
233985,1984,Bertha,8.1e-05,girl
233986,1984,Caryn,8.1e-05,girl
233987,1984,Dannielle,8.1e-05,girl
233988,1984,Eve,8.1e-05,girl
233989,1984,Felisha,8.1e-05,girl
233990,1984,Malia,8.1e-05,girl
233991,1984,Mellisa,8.1e-05,girl
233992,1984,Nicholas,8.1e-05,girl
233993,1984,Nikole,8.1e-05,girl
233994,1984,Shaneka,8.1e-05,girl
233995,1984,Shonda,8.1e-05,girl
233996,1984,Sommer,8.1e-05,girl
233997,1984,Ava,8e-05,girl
233998,1984,Kay,8e-05,girl
233999,1984,Lia,8e-05,girl
234000,1985,Jessica,0.026209,girl
234001,1985,Ashley,0.025475,girl
234002,1985,Jennifer,0.023116,girl
234003,1985,Amanda,0.021167,girl
234004,1985,Sarah,0.013479,girl
234005,1985,Stephanie,0.012594,girl
234006,1985,Nicole,0.012445,girl
234007,1985,Heather,0.011467,girl
234008,1985,Elizabeth,0.011133,girl
234009,1985,Megan,0.01085,girl
234010,1985,Melissa,0.010822,girl
234011,1985,Christina,0.008994,girl
234012,1985,Rachel,0.008866,girl
234013,1985,Laura,0.008669,girl
234014,1985,Lauren,0.008547,girl
234015,1985,Amber,0.008403,girl
234016,1985,Brittany,0.008363,girl
234017,1985,Danielle,0.008353,girl
234018,1985,Kimberly,0.008087,girl
234019,1985,Amy,0.007817,girl
234020,1985,Crystal,0.007805,girl
234021,1985,Michelle,0.00757,girl
234022,1985,Tiffany,0.007411,girl
234023,1985,Emily,0.007119,girl
234024,1985,Rebecca,0.006881,girl
234025,1985,Erin,0.006171,girl
234026,1985,Jamie,0.005984,girl
234027,1985,Kelly,0.005979,girl
234028,1985,Samantha,0.005773,girl
234029,1985,Sara,0.005718,girl
234030,1985,Angela,0.005543,girl
234031,1985,Katherine,0.005488,girl
234032,1985,Andrea,0.005445,girl
234033,1985,Erica,0.005162,girl
234034,1985,Mary,0.005005,girl
234035,1985,Lisa,0.004883,girl
234036,1985,Lindsey,0.004587,girl
234037,1985,Kristen,0.00458,girl
234038,1985,Katie,0.004327,girl
234039,1985,Lindsay,0.004266,girl
234040,1985,Shannon,0.00418,girl
234041,1985,Vanessa,0.004097,girl
234042,1985,Courtney,0.004081,girl
234043,1985,Christine,0.004032,girl
234044,1985,Alicia,0.003861,girl
234045,1985,Allison,0.00381,girl
234046,1985,April,0.003627,girl
234047,1985,Kathryn,0.003593,girl
234048,1985,Kristin,0.00356,girl
234049,1985,Jenna,0.003487,girl
234050,1985,Tara,0.003306,girl
234051,1985,Maria,0.00325,girl
234052,1985,Krystal,0.003215,girl
234053,1985,Anna,0.003187,girl
234054,1985,Julie,0.003122,girl
234055,1985,Holly,0.003035,girl
234056,1985,Kristina,0.003015,girl
234057,1985,Natalie,0.003,girl
234058,1985,Victoria,0.002939,girl
234059,1985,Jacqueline,0.002851,girl
234060,1985,Monica,0.002701,girl
234061,1985,Cassandra,0.00256,girl
234062,1985,Meghan,0.002528,girl
234063,1985,Patricia,0.002385,girl
234064,1985,Catherine,0.002323,girl
234065,1985,Cynthia,0.002236,girl
234066,1985,Stacy,0.002228,girl
234067,1985,Kathleen,0.002214,girl
234068,1985,Brandi,0.002193,girl
234069,1985,Brandy,0.002116,girl
234070,1985,Valerie,0.002101,girl
234071,1985,Veronica,0.002101,girl
234072,1985,Whitney,0.002078,girl
234073,1985,Diana,0.001992,girl
234074,1985,Chelsea,0.001956,girl
234075,1985,Leslie,0.001953,girl
234076,1985,Caitlin,0.001946,girl
234077,1985,Leah,0.001937,girl
234078,1985,Natasha,0.001924,girl
234079,1985,Erika,0.001896,girl
234080,1985,Latoya,0.001844,girl
234081,1985,Dana,0.001815,girl
234082,1985,Dominique,0.001788,girl
234083,1985,Brittney,0.001748,girl
234084,1985,Julia,0.001734,girl
234085,1985,Candice,0.001731,girl
234086,1985,Karen,0.001699,girl
234087,1985,Melanie,0.001696,girl
234088,1985,Stacey,0.001689,girl
234089,1985,Margaret,0.001666,girl
234090,1985,Sheena,0.001659,girl
234091,1985,Alexandra,0.001632,girl
234092,1985,Katrina,0.001614,girl
234093,1985,Bethany,0.001605,girl
234094,1985,Nichole,0.001599,girl
234095,1985,Carrie,0.001593,girl
234096,1985,Alison,0.001532,girl
234097,1985,Kara,0.001526,girl
234098,1985,Joanna,0.001501,girl
234099,1985,Rachael,0.001496,girl
234100,1985,Felicia,0.001485,girl
234101,1985,Brooke,0.001478,girl
234102,1985,Candace,0.001465,girl
234103,1985,Jasmine,0.001465,girl
234104,1985,Susan,0.00144,girl
234105,1985,Sandra,0.001439,girl
234106,1985,Tracy,0.001437,girl
234107,1985,Kayla,0.001414,girl
234108,1985,Nancy,0.001411,girl
234109,1985,Tina,0.001407,girl
234110,1985,Krystle,0.001399,girl
234111,1985,Alexis,0.001362,girl
234112,1985,Gina,0.001342,girl
234113,1985,Casey,0.001342,girl
234114,1985,Jillian,0.001342,girl
234115,1985,Pamela,0.001335,girl
234116,1985,Hannah,0.001327,girl
234117,1985,Renee,0.001322,girl
234118,1985,Denise,0.001319,girl
234119,1985,Molly,0.001315,girl
234120,1985,Misty,0.001308,girl
234121,1985,Jaclyn,0.001293,girl
234122,1985,Brenda,0.001292,girl
234123,1985,Lacey,0.001278,girl
234124,1985,Heidi,0.001258,girl
234125,1985,Desiree,0.001249,girl
234126,1985,Morgan,0.001235,girl
234127,1985,Miranda,0.001229,girl
234128,1985,Sabrina,0.001229,girl
234129,1985,Alyssa,0.001224,girl
234130,1985,Alisha,0.0012,girl
234131,1985,Teresa,0.001198,girl
234132,1985,Meagan,0.001194,girl
234133,1985,Krista,0.001183,girl
234134,1985,Tabitha,0.001167,girl
234135,1985,Theresa,0.00115,girl
234136,1985,Melinda,0.001146,girl
234137,1985,Monique,0.001145,girl
234138,1985,Tanya,0.001143,girl
234139,1985,Linda,0.001142,girl
234140,1985,Ashlee,0.001119,girl
234141,1985,Kelli,0.001116,girl
234142,1985,Jill,0.001105,girl
234143,1985,Mallory,0.001104,girl
234144,1985,Kristy,0.001096,girl
234145,1985,Anne,0.001094,girl
234146,1985,Robin,0.00109,girl
234147,1985,Tamara,0.00108,girl
234148,1985,Meredith,0.001061,girl
234149,1985,Colleen,0.001056,girl
234150,1985,Christy,0.001052,girl
234151,1985,Marissa,0.001024,girl
234152,1985,Abigail,0.001001,girl
234153,1985,Kendra,0.000997,girl
234154,1985,Carolyn,0.000996,girl
234155,1985,Deanna,0.000985,girl
234156,1985,Jenny,0.000981,girl
234157,1985,Lori,0.000972,girl
234158,1985,Rebekah,0.00097,girl
234159,1985,Ebony,0.000969,girl
234160,1985,Wendy,0.000966,girl
234161,1985,Angel,0.000965,girl
234162,1985,Kristi,0.00095,girl
234163,1985,Caroline,0.000946,girl
234164,1985,Dawn,0.000938,girl
234165,1985,Kari,0.000934,girl
234166,1985,Priscilla,0.000922,girl
234167,1985,Kelsey,0.00092,girl
234168,1985,Barbara,0.000907,girl
234169,1985,Cassie,0.0009,girl
234170,1985,Cristina,0.00089,girl
234171,1985,Tonya,0.000889,girl
234172,1985,Bridget,0.000872,girl
234173,1985,Cindy,0.000863,girl
234174,1985,Jaime,0.000843,girl
234175,1985,Angelica,0.000837,girl
234176,1985,Sharon,0.000832,girl
234177,1985,Marie,0.000815,girl
234178,1985,Kate,0.000808,girl
234179,1985,Adrienne,0.000807,girl
234180,1985,Tasha,0.000803,girl
234181,1985,Michele,0.000801,girl
234182,1985,Ana,0.000793,girl
234183,1985,Cara,0.000793,girl
234184,1985,Stefanie,0.000793,girl
234185,1985,Audrey,0.000784,girl
234186,1985,Ann,0.000781,girl
234187,1985,Kristine,0.00078,girl
234188,1985,Shana,0.000771,girl
234189,1985,Katelyn,0.000769,girl
234190,1985,Brianna,0.000768,girl
234191,1985,Deborah,0.00076,girl
234192,1985,Claudia,0.000756,girl
234193,1985,Carla,0.000755,girl
234194,1985,Virginia,0.000747,girl
234195,1985,Haley,0.000746,girl
234196,1985,Janelle,0.000737,girl
234197,1985,Jacquelyn,0.000737,girl
234198,1985,Beth,0.000727,girl
234199,1985,Latasha,0.000717,girl
234200,1985,Savannah,0.000715,girl
234201,1985,Carly,0.000709,girl
234202,1985,Ashleigh,0.000691,girl
234203,1985,Aimee,0.000691,girl
234204,1985,Regina,0.000691,girl
234205,1985,Mandy,0.000687,girl
234206,1985,Janet,0.000672,girl
234207,1985,Kaitlin,0.000669,girl
234208,1985,Cheryl,0.000664,girl
234209,1985,Autumn,0.000662,girl
234210,1985,Martha,0.000659,girl
234211,1985,Lydia,0.000656,girl
234212,1985,Abby,0.000654,girl
234213,1985,Shawna,0.000651,girl
234214,1985,Sierra,0.00065,girl
234215,1985,Nina,0.00065,girl
234216,1985,Tammy,0.000648,girl
234217,1985,Nikki,0.000647,girl
234218,1985,Donna,0.000644,girl
234219,1985,Claire,0.000642,girl
234220,1985,Trisha,0.000638,girl
234221,1985,Bonnie,0.000637,girl
234222,1985,Diane,0.000633,girl
234223,1985,Carmen,0.000633,girl
234224,1985,Summer,0.000632,girl
234225,1985,Mayra,0.000632,girl
234226,1985,Toni,0.000615,girl
234227,1985,Taryn,0.000614,girl
234228,1985,Evelyn,0.000611,girl
234229,1985,Joy,0.000608,girl
234230,1985,Adriana,0.000607,girl
234231,1985,Ruth,0.000606,girl
234232,1985,Mindy,0.000605,girl
234233,1985,Jessie,0.000602,girl
234234,1985,Suzanne,0.000596,girl
234235,1985,Sophia,0.000594,girl
234236,1985,Jodi,0.000589,girl
234237,1985,Christie,0.000587,girl
234238,1985,Raquel,0.000586,girl
234239,1985,Naomi,0.000583,girl
234240,1985,Kellie,0.000582,girl
234241,1985,Grace,0.000575,girl
234242,1985,Shanna,0.000573,girl
234243,1985,Hilary,0.000571,girl
234244,1985,Taylor,0.000568,girl
234245,1985,Hillary,0.000568,girl
234246,1985,Yolanda,0.000565,girl
234247,1985,Olivia,0.000553,girl
234248,1985,Paula,0.000551,girl
234249,1985,Amelia,0.00055,girl
234250,1985,Sheila,0.000548,girl
234251,1985,Robyn,0.000548,girl
234252,1985,Rosa,0.000546,girl
234253,1985,Gloria,0.000539,girl
234254,1985,Keri,0.000529,girl
234255,1985,Alana,0.000529,girl
234256,1985,Jordan,0.000529,girl
234257,1985,Marisa,0.000528,girl
234258,1985,Melody,0.000524,girl
234259,1985,Rose,0.000523,girl
234260,1985,Daisy,0.000519,girl
234261,1985,Randi,0.000514,girl
234262,1985,Maggie,0.000511,girl
234263,1985,Charlotte,0.00051,girl
234264,1985,Justine,0.000509,girl
234265,1985,Britney,0.000509,girl
234266,1985,Emma,0.000507,girl
234267,1985,Lacy,0.000507,girl
234268,1985,Jeanette,0.000506,girl
234269,1985,Elise,0.000506,girl
234270,1985,Sylvia,0.000503,girl
234271,1985,Rachelle,0.000501,girl
234272,1985,Debra,0.000495,girl
234273,1985,Charity,0.000494,girl
234274,1985,Hope,0.000492,girl
234275,1985,Johanna,0.00049,girl
234276,1985,Charlene,0.000488,girl
234277,1985,Karla,0.000486,girl
234278,1985,Gabrielle,0.000486,girl
234279,1985,Sonia,0.000481,girl
234280,1985,Shelby,0.000479,girl
234281,1985,Stacie,0.000479,girl
234282,1985,Shelly,0.000478,girl
234283,1985,Roxanne,0.000477,girl
234284,1985,Kaitlyn,0.000475,girl
234285,1985,Kasey,0.000475,girl
234286,1985,Jocelyn,0.000471,girl
234287,1985,Alexandria,0.000466,girl
234288,1985,Esther,0.000464,girl
234289,1985,Kerri,0.000463,girl
234290,1985,Ellen,0.000462,girl
234291,1985,Carol,0.000456,girl
234292,1985,Katharine,0.000455,girl
234293,1985,Shauna,0.000454,girl
234294,1985,Frances,0.000452,girl
234295,1985,Tabatha,0.000449,girl
234296,1985,Annie,0.000448,girl
234297,1985,Alissa,0.000446,girl
234298,1985,Sherry,0.000446,girl
234299,1985,Chelsey,0.000442,girl
234300,1985,Helen,0.000439,girl
234301,1985,Traci,0.000434,girl
234302,1985,Sonya,0.000432,girl
234303,1985,Angelina,0.000428,girl
234304,1985,Bianca,0.000427,girl
234305,1985,Trista,0.000427,girl
234306,1985,Briana,0.000427,girl
234307,1985,Leticia,0.000426,girl
234308,1985,Tia,0.000423,girl
234309,1985,Kristie,0.000423,girl
234310,1985,Laurie,0.000423,girl
234311,1985,Leigh,0.000419,girl
234312,1985,Elisabeth,0.000417,girl
234313,1985,Aubrey,0.000416,girl
234314,1985,Kelley,0.000413,girl
234315,1985,Latisha,0.00041,girl
234316,1985,India,0.000409,girl
234317,1985,Eva,0.000408,girl
234318,1985,Yvonne,0.000407,girl
234319,1985,Kirsten,0.000406,girl
234320,1985,Miriam,0.000402,girl
234321,1985,Lorena,0.0004,girl
234322,1985,Staci,0.000399,girl
234323,1985,Anita,0.000398,girl
234324,1985,Cortney,0.000396,girl
234325,1985,Carissa,0.000396,girl
234326,1985,Camille,0.000393,girl
234327,1985,Elena,0.000392,girl
234328,1985,Jade,0.000392,girl
234329,1985,Paige,0.000392,girl
234330,1985,Brianne,0.000391,girl
234331,1985,Dorothy,0.000389,girl
234332,1985,Terri,0.000386,girl
234333,1985,Gabriela,0.000385,girl
234334,1985,Jane,0.000383,girl
234335,1985,Tamika,0.000382,girl
234336,1985,Chasity,0.000381,girl
234337,1985,Jana,0.000377,girl
234338,1985,Tracey,0.000376,girl
234339,1985,Antoinette,0.000375,girl
234340,1985,Jami,0.000373,girl
234341,1985,Janice,0.000372,girl
234342,1985,Christa,0.00037,girl
234343,1985,Tessa,0.000369,girl
234344,1985,Yvette,0.000369,girl
234345,1985,Elisa,0.000366,girl
234346,1985,Breanna,0.000365,girl
234347,1985,Maureen,0.000364,girl
234348,1985,Kerry,0.000364,girl
234349,1985,Karina,0.000363,girl
234350,1985,Rochelle,0.000363,girl
234351,1985,Rhonda,0.000363,girl
234352,1985,Keisha,0.000362,girl
234353,1985,Alice,0.000361,girl
234354,1985,Irene,0.000361,girl
234355,1985,Allyson,0.000361,girl
234356,1985,Hayley,0.000359,girl
234357,1985,Cecilia,0.000356,girl
234358,1985,Annette,0.000356,girl
234359,1985,Elaine,0.000355,girl
234360,1985,Brandie,0.000355,girl
234361,1985,Katy,0.000355,girl
234362,1985,Tricia,0.000353,girl
234363,1985,Julianne,0.000347,girl
234364,1985,Elyse,0.000345,girl
234365,1985,Lyndsey,0.000344,girl
234366,1985,Clarissa,0.000344,girl
234367,1985,Meaghan,0.000343,girl
234368,1985,Tanisha,0.000342,girl
234369,1985,Kathy,0.000335,girl
234370,1985,Jena,0.000333,girl
234371,1985,Marisol,0.000331,girl
234372,1985,Guadalupe,0.00033,girl
234373,1985,Patrice,0.000328,girl
234374,1985,Jenifer,0.000327,girl
234375,1985,Lynn,0.000326,girl
234376,1985,Sandy,0.000326,girl
234377,1985,Jasmin,0.000326,girl
234378,1985,Ariel,0.000325,girl
234379,1985,Juanita,0.000324,girl
234380,1985,Sasha,0.000324,girl
234381,1985,Ericka,0.000324,girl
234382,1985,Jayme,0.000323,girl
234383,1985,Kira,0.000321,girl
234384,1985,Ruby,0.000321,girl
234385,1985,Rita,0.00032,girl
234386,1985,Jackie,0.000318,girl
234387,1985,Tiara,0.000318,girl
234388,1985,Jennie,0.000317,girl
234389,1985,Lakeisha,0.000314,girl
234390,1985,Leanne,0.000311,girl
234391,1985,Hollie,0.00031,girl
234392,1985,Destiny,0.00031,girl
234393,1985,Amie,0.000309,girl
234394,1985,Shelley,0.000309,girl
234395,1985,Ryan,0.000308,girl
234396,1985,Callie,0.000307,girl
234397,1985,Connie,0.000306,girl
234398,1985,Lesley,0.000306,girl
234399,1985,Serena,0.000306,girl
234400,1985,Sally,0.000305,girl
234401,1985,Laurel,0.000304,girl
234402,1985,Eileen,0.000303,girl
234403,1985,Bobbie,0.000303,girl
234404,1985,Faith,0.000303,girl
234405,1985,Brittani,0.000302,girl
234406,1985,Shayla,0.000301,girl
234407,1985,Ciara,0.000298,girl
234408,1985,Judith,0.000298,girl
234409,1985,Alyson,0.000298,girl
234410,1985,Alma,0.000296,girl
234411,1985,Nora,0.000293,girl
234412,1985,Lillian,0.000292,girl
234413,1985,Chrystal,0.000292,girl
234414,1985,Joyce,0.000292,girl
234415,1985,Christian,0.000291,girl
234416,1985,Marquita,0.000291,girl
234417,1985,Ashlie,0.00029,girl
234418,1985,Michael,0.000288,girl
234419,1985,Joanne,0.000285,girl
234420,1985,Marilyn,0.000282,girl
234421,1985,Yesenia,0.000282,girl
234422,1985,Constance,0.000281,girl
234423,1985,Lena,0.000281,girl
234424,1985,Juliana,0.00028,girl
234425,1985,Nadia,0.000279,girl
234426,1985,Shari,0.000279,girl
234427,1985,Becky,0.000278,girl
234428,1985,Blair,0.000278,girl
234429,1985,Isabel,0.000278,girl
234430,1985,Christen,0.000278,girl
234431,1985,Rosemary,0.000277,girl
234432,1985,Genevieve,0.000275,girl
234433,1985,Michaela,0.000275,girl
234434,1985,Shayna,0.000274,girl
234435,1985,Betty,0.000273,girl
234436,1985,Celeste,0.000273,girl
234437,1985,Mia,0.000269,girl
234438,1985,Norma,0.000269,girl
234439,1985,Bridgette,0.000268,girl
234440,1985,Noelle,0.000268,girl
234441,1985,Sherri,0.000268,girl
234442,1985,Shirley,0.000268,girl
234443,1985,Chantel,0.000267,girl
234444,1985,Alisa,0.000267,girl
234445,1985,Christin,0.000266,girl
234446,1985,Jody,0.000266,girl
234447,1985,Latonya,0.000265,girl
234448,1985,Lara,0.000263,girl
234449,1985,Lucy,0.000263,girl
234450,1985,Audra,0.000261,girl
234451,1985,Elisha,0.000261,girl
234452,1985,Beverly,0.000259,girl
234453,1985,Alejandra,0.000258,girl
234454,1985,Tiffani,0.000256,girl
234455,1985,Darlene,0.000255,girl
234456,1985,Terra,0.000254,girl
234457,1985,Iris,0.000254,girl
234458,1985,Sheri,0.000254,girl
234459,1985,Ashly,0.000253,girl
234460,1985,Jean,0.00025,girl
234461,1985,Maribel,0.000249,girl
234462,1985,Judy,0.000249,girl
234463,1985,Tierra,0.000249,girl
234464,1985,Chanel,0.000248,girl
234465,1985,Cierra,0.000247,girl
234466,1985,Brenna,0.000246,girl
234467,1985,Larissa,0.000246,girl
234468,1985,Kristal,0.000245,girl
234469,1985,Gretchen,0.000244,girl
234470,1985,Jolene,0.000242,girl
234471,1985,Kendall,0.000242,girl
234472,1985,Dianna,0.000242,girl
234473,1985,Marlene,0.000241,girl
234474,1985,Angie,0.00024,girl
234475,1985,Tatiana,0.00024,girl
234476,1985,Leann,0.000239,girl
234477,1985,Corinne,0.000238,girl
234478,1985,Sydney,0.000237,girl
234479,1985,Belinda,0.000237,girl
234480,1985,Lora,0.000236,girl
234481,1985,Mackenzie,0.000234,girl
234482,1985,Tameka,0.000232,girl
234483,1985,Janine,0.00023,girl
234484,1985,Josephine,0.000229,girl
234485,1985,Blanca,0.000228,girl
234486,1985,Bobbi,0.000228,girl
234487,1985,Christopher,0.000227,girl
234488,1985,Esmeralda,0.000227,girl
234489,1985,Ashely,0.000226,girl
234490,1985,Cassidy,0.000226,girl
234491,1985,Lorraine,0.000224,girl
234492,1985,Daniela,0.000223,girl
234493,1985,Marisela,0.000222,girl
234494,1985,Chandra,0.000222,girl
234495,1985,Francesca,0.000222,girl
234496,1985,Gwendolyn,0.000222,girl
234497,1985,Alaina,0.00022,girl
234498,1985,Fallon,0.00022,girl
234499,1985,Mandi,0.00022,girl
234500,1985,Celia,0.000219,girl
234501,1985,Devon,0.000219,girl
234502,1985,Vivian,0.000219,girl
234503,1985,Carolina,0.000218,girl
234504,1985,Raven,0.000218,girl
234505,1985,Casandra,0.000217,girl
234506,1985,Tania,0.000217,girl
234507,1985,Betsy,0.000216,girl
234508,1985,Joann,0.000216,girl
234509,1985,Tracie,0.000216,girl
234510,1985,Margarita,0.000214,girl
234511,1985,Jacklyn,0.000213,girl
234512,1985,Lyndsay,0.000213,girl
234513,1985,Sade,0.000213,girl
234514,1985,Marina,0.000211,girl
234515,1985,Adrian,0.00021,girl
234516,1985,Liliana,0.00021,girl
234517,1985,Racheal,0.00021,girl
234518,1985,Maegan,0.00021,girl
234519,1985,Mollie,0.00021,girl
234520,1985,Santana,0.000209,girl
234521,1985,Anastasia,0.000208,girl
234522,1985,Breanne,0.000207,girl
234523,1985,Madeline,0.000207,girl
234524,1985,Tiffanie,0.000206,girl
234525,1985,Corey,0.000205,girl
234526,1985,Melisa,0.000205,girl
234527,1985,Precious,0.000205,girl
234528,1985,Ivy,0.000204,girl
234529,1985,Lea,0.000204,girl
234530,1985,Susana,0.000203,girl
234531,1985,Chiquita,0.000202,girl
234532,1985,Tera,0.000202,girl
234533,1985,Caitlyn,0.000201,girl
234534,1985,Teri,0.000201,girl
234535,1985,Hailey,0.000201,girl
234536,1985,Natalia,0.0002,girl
234537,1985,Ariana,0.0002,girl
234538,1985,Cherie,0.0002,girl
234539,1985,Jeannette,0.0002,girl
234540,1985,Karissa,0.0002,girl
234541,1985,Lakisha,0.0002,girl
234542,1985,Lucia,0.000199,girl
234543,1985,Kassandra,0.000198,girl
234544,1985,Krystina,0.000198,girl
234545,1985,Micaela,0.000198,girl
234546,1985,Chelsie,0.000197,girl
234547,1985,Cathy,0.000196,girl
234548,1985,Kylie,0.000196,girl
234549,1985,Shante,0.000196,girl
234550,1985,Dena,0.000194,girl
234551,1985,Christi,0.000194,girl
234552,1985,Mercedes,0.000194,girl
234553,1985,Clara,0.000193,girl
234554,1985,Devin,0.000193,girl
234555,1985,Latrice,0.000193,girl
234556,1985,Rosanna,0.000192,girl
234557,1985,Domonique,0.000191,girl
234558,1985,Jodie,0.000191,girl
234559,1985,Kacie,0.000191,girl
234560,1985,Shaina,0.000191,girl
234561,1985,Adrianne,0.00019,girl
234562,1985,Alecia,0.000189,girl
234563,1985,Chloe,0.000189,girl
234564,1985,Antonia,0.000189,girl
234565,1985,Kim,0.000188,girl
234566,1985,Rocio,0.000188,girl
234567,1985,Arlene,0.000188,girl
234568,1985,Deidre,0.000187,girl
234569,1985,Shantel,0.000187,girl
234570,1985,Kimberley,0.000185,girl
234571,1985,Mariah,0.000185,girl
234572,1985,Tasia,0.000185,girl
234573,1985,Lacie,0.000184,girl
234574,1985,Leanna,0.000184,girl
234575,1985,Aisha,0.000183,girl
234576,1985,Ginger,0.000182,girl
234577,1985,Kyla,0.000182,girl
234578,1985,Lana,0.000182,girl
234579,1985,Marianne,0.000182,girl
234580,1985,Dayna,0.000182,girl
234581,1985,Luz,0.000182,girl
234582,1985,Tiana,0.000182,girl
234583,1985,Janna,0.000181,girl
234584,1985,Lashonda,0.000181,girl
234585,1985,Marcia,0.000181,girl
234586,1985,Desirae,0.000181,girl
234587,1985,Billie,0.00018,girl
234588,1985,Angelique,0.000179,girl
234589,1985,Kali,0.000178,girl
234590,1985,Asia,0.000178,girl
234591,1985,Catrina,0.000177,girl
234592,1985,Silvia,0.000177,girl
234593,1985,Athena,0.000177,girl
234594,1985,Maricela,0.000175,girl
234595,1985,Shawn,0.000175,girl
234596,1985,Keshia,0.000174,girl
234597,1985,Nadine,0.000174,girl
234598,1985,Maranda,0.000173,girl
234599,1985,Tosha,0.000173,girl
234600,1985,Joan,0.000171,girl
234601,1985,Lynette,0.000171,girl
234602,1985,Justina,0.000171,girl
234603,1985,Dominque,0.00017,girl
234604,1985,Abbey,0.00017,girl
234605,1985,Kristyn,0.00017,girl
234606,1985,Cori,0.000169,girl
234607,1985,Laci,0.000169,girl
234608,1985,Debbie,0.000168,girl
234609,1985,Lee,0.000168,girl
234610,1985,Joni,0.000168,girl
234611,1985,Selena,0.000168,girl
234612,1985,Trina,0.000168,girl
234613,1985,Bailey,0.000167,girl
234614,1985,Myra,0.000167,girl
234615,1985,Edith,0.000166,girl
234616,1985,Julianna,0.000166,girl
234617,1985,Arielle,0.000166,girl
234618,1985,Octavia,0.000166,girl
234619,1985,Kyle,0.000164,girl
234620,1985,Sonja,0.000164,girl
234621,1985,Elissa,0.000164,girl
234622,1985,Jeannie,0.000164,girl
234623,1985,Noel,0.000163,girl
234624,1985,Janie,0.000162,girl
234625,1985,Kandice,0.000162,girl
234626,1985,Loren,0.000162,girl
234627,1985,Madison,0.000162,girl
234628,1985,Alanna,0.000161,girl
234629,1985,Sadie,0.000161,girl
234630,1985,Linsey,0.00016,girl
234631,1985,Beatrice,0.000159,girl
234632,1985,Britni,0.000159,girl
234633,1985,Darcy,0.000159,girl
234634,1985,Matthew,0.000159,girl
234635,1985,Corina,0.000159,girl
234636,1985,Daniel,0.000159,girl
234637,1985,Tori,0.000158,girl
234638,1985,Cheri,0.000158,girl
234639,1985,David,0.000158,girl
234640,1985,Kenya,0.000158,girl
234641,1985,Jeanne,0.000157,girl
234642,1985,Roberta,0.000157,girl
234643,1985,James,0.000156,girl
234644,1985,Loretta,0.000156,girl
234645,1985,Maritza,0.000156,girl
234646,1985,Shameka,0.000155,girl
234647,1985,Emilie,0.000154,girl
234648,1985,Ladonna,0.000153,girl
234649,1985,Araceli,0.000153,girl
234650,1985,Dina,0.000152,girl
234651,1985,Janette,0.000152,girl
234652,1985,Jesse,0.000151,girl
234653,1985,Martina,0.000151,girl
234654,1985,Nakia,0.000151,girl
234655,1985,Savanna,0.000151,girl
234656,1985,Daphne,0.00015,girl
234657,1985,Kristian,0.00015,girl
234658,1985,Joshua,0.000149,girl
234659,1985,Cari,0.000149,girl
234660,1985,Brandon,0.000148,girl
234661,1985,Bridgett,0.000148,girl
234662,1985,Celina,0.000148,girl
234663,1985,Deidra,0.000148,girl
234664,1985,Marsha,0.000148,girl
234665,1985,Bernadette,0.000147,girl
234666,1985,Joelle,0.000147,girl
234667,1985,Deana,0.000147,girl
234668,1985,Rhiannon,0.000147,girl
234669,1985,Eleanor,0.000146,girl
234670,1985,Penny,0.000146,girl
234671,1985,Georgia,0.000146,girl
234672,1985,Shanika,0.000146,girl
234673,1985,Maryann,0.000145,girl
234674,1985,Daniella,0.000145,girl
234675,1985,Maura,0.000145,girl
234676,1985,Princess,0.000145,girl
234677,1985,Tarah,0.000145,girl
234678,1985,Valarie,0.000145,girl
234679,1985,Noemi,0.000144,girl
234680,1985,Selina,0.000144,girl
234681,1985,Ashli,0.000143,girl
234682,1985,Doris,0.000142,girl
234683,1985,Holli,0.000142,girl
234684,1985,Janell,0.000141,girl
234685,1985,Meghann,0.000141,girl
234686,1985,Sofia,0.000141,girl
234687,1985,Marjorie,0.00014,girl
234688,1985,Christal,0.00014,girl
234689,1985,Jazmin,0.00014,girl
234690,1985,Gladys,0.000138,girl
234691,1985,Lakesha,0.000138,girl
234692,1985,Carina,0.000138,girl
234693,1985,Latosha,0.000138,girl
234694,1985,Lizette,0.000138,girl
234695,1985,Valencia,0.000136,girl
234696,1985,Leeann,0.000136,girl
234697,1985,Nicolette,0.000136,girl
234698,1985,Peggy,0.000136,girl
234699,1985,Ciera,0.000135,girl
234700,1985,Lakeshia,0.000135,girl
234701,1985,Maya,0.000135,girl
234702,1985,Beatriz,0.000134,girl
234703,1985,Cristal,0.000134,girl
234704,1985,Olga,0.000134,girl
234705,1985,Tami,0.000134,girl
234706,1985,Jenelle,0.000133,girl
234707,1985,Krysta,0.000133,girl
234708,1985,Alesha,0.000132,girl
234709,1985,Colette,0.000132,girl
234710,1985,Eliza,0.000131,girl
234711,1985,Kristan,0.000131,girl
234712,1985,Liza,0.000131,girl
234713,1985,Candy,0.000131,girl
234714,1985,Hanna,0.000131,girl
234715,1985,Chastity,0.00013,girl
234716,1985,Lily,0.00013,girl
234717,1985,Lynsey,0.00013,girl
234718,1985,Marcella,0.00013,girl
234719,1985,Renae,0.00013,girl
234720,1985,Pauline,0.00013,girl
234721,1985,Adrianna,0.000129,girl
234722,1985,Eboni,0.000129,girl
234723,1985,Robert,0.000129,girl
234724,1985,Shamika,0.000129,girl
234725,1985,Delilah,0.000128,girl
234726,1985,Marla,0.000128,girl
234727,1985,Shanta,0.000128,girl
234728,1985,Sheree,0.000128,girl
234729,1985,Aileen,0.000128,girl
234730,1985,Felisha,0.000128,girl
234731,1985,Kaylee,0.000128,girl
234732,1985,Susanna,0.000128,girl
234733,1985,Geneva,0.000127,girl
234734,1985,John,0.000127,girl
234735,1985,Kassie,0.000127,girl
234736,1985,Gillian,0.000127,girl
234737,1985,Kimberlee,0.000127,girl
234738,1985,Siobhan,0.000127,girl
234739,1985,Wanda,0.000127,girl
234740,1985,Abbie,0.000126,girl
234741,1985,Candis,0.000126,girl
234742,1985,Gabriella,0.000126,girl
234743,1985,Roxana,0.000126,girl
234744,1985,Chantelle,0.000126,girl
234745,1985,Cody,0.000126,girl
234746,1985,Dora,0.000126,girl
234747,1985,Jeanine,0.000126,girl
234748,1985,Lucinda,0.000125,girl
234749,1985,Marcie,0.000125,girl
234750,1985,Marlena,0.000125,girl
234751,1985,Giselle,0.000125,girl
234752,1985,Alycia,0.000124,girl
234753,1985,Griselda,0.000124,girl
234754,1985,Joseph,0.000123,girl
234755,1985,Talia,0.000123,girl
234756,1985,Magen,0.000123,girl
234757,1985,Cristy,0.000122,girl
234758,1985,Andria,0.000121,girl
234759,1985,Kirby,0.000121,girl
234760,1985,Kylee,0.000121,girl
234761,1985,Simone,0.000121,girl
234762,1985,Valeria,0.000121,girl
234763,1985,Kala,0.000121,girl
234764,1985,Dara,0.00012,girl
234765,1985,Fatima,0.00012,girl
234766,1985,Kacey,0.00012,girl
234767,1985,Cora,0.00012,girl
234768,1985,Josie,0.000119,girl
234769,1985,Sharonda,0.000119,girl
234770,1985,Danelle,0.000119,girl
234771,1985,Laquita,0.000119,girl
234772,1985,Marci,0.000119,girl
234773,1985,Chantal,0.000118,girl
234774,1985,Kia,0.000118,girl
234775,1985,Francine,0.000118,girl
234776,1985,Leila,0.000118,girl
234777,1985,Tamra,0.000118,girl
234778,1985,Tess,0.000118,girl
234779,1985,Janae,0.000117,girl
234780,1985,Stevie,0.000117,girl
234781,1985,Ramona,0.000117,girl
234782,1985,Kathrine,0.000116,girl
234783,1985,Kourtney,0.000116,girl
234784,1985,Ingrid,0.000115,girl
234785,1985,Shanda,0.000115,girl
234786,1985,Brittni,0.000115,girl
234787,1985,Glenda,0.000115,girl
234788,1985,Irma,0.000115,girl
234789,1985,Kaci,0.000115,girl
234790,1985,Kati,0.000115,girl
234791,1985,Kayleigh,0.000114,girl
234792,1985,Mariana,0.000114,girl
234793,1985,Malinda,0.000114,girl
234794,1985,Britany,0.000113,girl
234795,1985,Rikki,0.000113,girl
234796,1985,Aurora,0.000113,girl
234797,1985,Vicki,0.000113,girl
234798,1985,Viviana,0.000113,girl
234799,1985,Andrew,0.000112,girl
234800,1985,Venessa,0.000112,girl
234801,1985,Casie,0.000112,girl
234802,1985,Clare,0.000112,girl
234803,1985,Kori,0.000111,girl
234804,1985,Misti,0.000111,girl
234805,1985,Paris,0.000111,girl
234806,1985,Sophie,0.000111,girl
234807,1985,Jeri,0.00011,girl
234808,1985,Mara,0.00011,girl
234809,1985,Perla,0.00011,girl
234810,1985,Jeanna,0.00011,girl
234811,1985,Sherrie,0.000109,girl
234812,1985,Tanesha,0.000109,girl
234813,1985,Dolores,0.000108,girl
234814,1985,Lynda,0.000108,girl
234815,1985,Alexa,0.000108,girl
234816,1985,Anthony,0.000108,girl
234817,1985,Cameron,0.000108,girl
234818,1985,Edna,0.000108,girl
234819,1985,Marian,0.000108,girl
234820,1985,Yadira,0.000108,girl
234821,1985,Annmarie,0.000107,girl
234822,1985,Emilee,0.000107,girl
234823,1985,Lissette,0.000107,girl
234824,1985,Sheryl,0.000107,girl
234825,1985,Vicky,0.000107,girl
234826,1985,Corrie,0.000106,girl
234827,1985,Jaimie,0.000106,girl
234828,1985,Karin,0.000106,girl
234829,1985,Nathalie,0.000106,girl
234830,1985,Tyler,0.000106,girl
234831,1985,Tyra,0.000106,girl
234832,1985,Alyse,0.000106,girl
234833,1985,Hallie,0.000106,girl
234834,1985,Reyna,0.000106,girl
234835,1985,Gail,0.000105,girl
234836,1985,Jesica,0.000105,girl
234837,1985,Louise,0.000105,girl
234838,1985,Lourdes,0.000105,girl
234839,1985,Marcy,0.000105,girl
234840,1985,Rena,0.000105,girl
234841,1985,Shea,0.000105,girl
234842,1985,Tabetha,0.000105,girl
234843,1985,Zoe,0.000105,girl
234844,1985,Cherish,0.000104,girl
234845,1985,Elsa,0.000104,girl
234846,1985,Rene,0.000104,girl
234847,1985,Deirdre,0.000104,girl
234848,1985,Elaina,0.000104,girl
234849,1985,Deandra,0.000103,girl
234850,1985,Rosalinda,0.000103,girl
234851,1985,Stacia,0.000103,girl
234852,1985,Cathleen,0.000102,girl
234853,1985,Kami,0.000102,girl
234854,1985,Roxanna,0.000102,girl
234855,1985,Danyelle,0.000101,girl
234856,1985,Kandace,0.000101,girl
234857,1985,Richelle,0.000101,girl
234858,1985,Tonia,0.000101,girl
234859,1985,Danica,0.000101,girl
234860,1985,Helena,0.000101,girl
234861,1985,Ashlea,0.0001,girl
234862,1985,Brittny,0.0001,girl
234863,1985,Chana,0.0001,girl
234864,1985,Janel,0.0001,girl
234865,1985,Meggan,0.0001,girl
234866,1985,Rosemarie,0.0001,girl
234867,1985,Alina,0.0001,girl
234868,1985,Charmaine,0.0001,girl
234869,1985,Jason,0.0001,girl
234870,1985,Yasmin,0.0001,girl
234871,1985,Cory,9.9e-05,girl
234872,1985,Delia,9.9e-05,girl
234873,1985,Jessi,9.9e-05,girl
234874,1985,Justin,9.9e-05,girl
234875,1985,Kaley,9.9e-05,girl
234876,1985,Mckenzie,9.9e-05,girl
234877,1985,Nikole,9.9e-05,girl
234878,1985,William,9.9e-05,girl
234879,1985,Alysha,9.9e-05,girl
234880,1985,Hilda,9.9e-05,girl
234881,1985,Melina,9.9e-05,girl
234882,1985,Mellissa,9.9e-05,girl
234883,1985,Demetria,9.8e-05,girl
234884,1985,Jonathan,9.8e-05,girl
234885,1985,Niki,9.8e-05,girl
234886,1985,Cecelia,9.8e-05,girl
234887,1985,Graciela,9.8e-05,girl
234888,1985,Keely,9.8e-05,girl
234889,1985,Terry,9.8e-05,girl
234890,1985,Ami,9.7e-05,girl
234891,1985,Felecia,9.7e-05,girl
234892,1985,Cheyenne,9.7e-05,girl
234893,1985,June,9.7e-05,girl
234894,1985,Paola,9.7e-05,girl
234895,1985,Shavon,9.7e-05,girl
234896,1985,Tristan,9.7e-05,girl
234897,1985,Candi,9.6e-05,girl
234898,1985,Sherita,9.6e-05,girl
234899,1985,Sondra,9.6e-05,girl
234900,1985,Carley,9.5e-05,girl
234901,1985,Dannielle,9.5e-05,girl
234902,1985,Darla,9.5e-05,girl
234903,1985,Carey,9.5e-05,girl
234904,1985,Cristin,9.5e-05,girl
234905,1985,Maira,9.5e-05,girl
234906,1985,Shasta,9.5e-05,girl
234907,1985,Adriane,9.4e-05,girl
234908,1985,Jazmine,9.4e-05,girl
234909,1985,Marta,9.4e-05,girl
234910,1985,Shaquita,9.4e-05,girl
234911,1985,Wendi,9.4e-05,girl
234912,1985,Jo,9.4e-05,girl
234913,1985,Kyra,9.4e-05,girl
234914,1985,Latoria,9.4e-05,girl
234915,1985,Tana,9.4e-05,girl
234916,1985,Gena,9.3e-05,girl
234917,1985,Georgina,9.3e-05,girl
234918,1985,Jada,9.3e-05,girl
234919,1985,Krysten,9.3e-05,girl
234920,1985,Monika,9.3e-05,girl
234921,1985,Rebeca,9.3e-05,girl
234922,1985,Shanita,9.3e-05,girl
234923,1985,Brittanie,9.3e-05,girl
234924,1985,Krystin,9.3e-05,girl
234925,1985,Lisette,9.3e-05,girl
234926,1985,Magan,9.3e-05,girl
234927,1985,Mai,9.3e-05,girl
234928,1985,Portia,9.3e-05,girl
234929,1985,Malissa,9.2e-05,girl
234930,1985,Kerrie,9.2e-05,girl
234931,1985,Kiley,9.2e-05,girl
234932,1985,Brynn,9.1e-05,girl
234933,1985,Juliet,9.1e-05,girl
234934,1985,Katheryn,9.1e-05,girl
234935,1985,Lia,9.1e-05,girl
234936,1985,Stephany,9.1e-05,girl
234937,1985,Cassondra,9.1e-05,girl
234938,1985,Jeana,9.1e-05,girl
234939,1985,Katelin,9.1e-05,girl
234940,1985,Marion,9.1e-05,girl
234941,1985,Rosalyn,9.1e-05,girl
234942,1985,Micah,9e-05,girl
234943,1985,Pearl,9e-05,girl
234944,1985,Tyesha,9e-05,girl
234945,1985,Sharita,8.9e-05,girl
234946,1985,Shara,8.9e-05,girl
234947,1985,Alena,8.8e-05,girl
234948,1985,Brook,8.8e-05,girl
234949,1985,Cathryn,8.8e-05,girl
234950,1985,Eric,8.8e-05,girl
234951,1985,Karly,8.8e-05,girl
234952,1985,Latanya,8.8e-05,girl
234953,1985,Mari,8.8e-05,girl
234954,1985,Bertha,8.8e-05,girl
234955,1985,Corrine,8.8e-05,girl
234956,1985,Nicholas,8.8e-05,girl
234957,1985,Nikita,8.8e-05,girl
234958,1985,Ada,8.7e-05,girl
234959,1985,Carlie,8.7e-05,girl
234960,1985,Sunny,8.7e-05,girl
234961,1985,Aja,8.7e-05,girl
234962,1985,Markita,8.7e-05,girl
234963,1985,Rosalie,8.7e-05,girl
234964,1985,Susie,8.7e-05,girl
234965,1985,Violeta,8.7e-05,girl
234966,1985,Ali,8.6e-05,girl
234967,1985,Brigitte,8.6e-05,girl
234968,1985,Deena,8.6e-05,girl
234969,1985,Jenni,8.6e-05,girl
234970,1985,Stefani,8.6e-05,girl
234971,1985,Eunice,8.6e-05,girl
234972,1985,Kasie,8.6e-05,girl
234973,1985,Kirstin,8.6e-05,girl
234974,1985,Shavonne,8.6e-05,girl
234975,1985,Breann,8.5e-05,girl
234976,1985,Kacy,8.5e-05,girl
234977,1985,Shena,8.5e-05,girl
234978,1985,Tisha,8.5e-05,girl
234979,1985,Jessika,8.5e-05,girl
234980,1985,Karrie,8.5e-05,girl
234981,1985,Kelsie,8.5e-05,girl
234982,1985,Mariel,8.5e-05,girl
234983,1985,Salina,8.5e-05,girl
234984,1985,Iesha,8.4e-05,girl
234985,1985,Shira,8.4e-05,girl
234986,1985,Caryn,8.3e-05,girl
234987,1985,Jaqueline,8.3e-05,girl
234988,1985,Kiana,8.3e-05,girl
234989,1985,Shantell,8.3e-05,girl
234990,1985,Stella,8.3e-05,girl
234991,1985,Alexia,8.3e-05,girl
234992,1985,Amberly,8.3e-05,girl
234993,1985,Francisca,8.3e-05,girl
234994,1985,Lashanda,8.3e-05,girl
234995,1985,Leilani,8.3e-05,girl
234996,1985,Mona,8.3e-05,girl
234997,1985,Nia,8.3e-05,girl
234998,1985,Samatha,8.3e-05,girl
234999,1985,Tammie,8.3e-05,girl
235000,1986,Jessica,0.028548,girl
235001,1986,Ashley,0.026942,girl
235002,1986,Amanda,0.021974,girl
235003,1986,Jennifer,0.019621,girl
235004,1986,Sarah,0.015249,girl
235005,1986,Stephanie,0.012277,girl
235006,1986,Nicole,0.011543,girl
235007,1986,Brittany,0.011015,girl
235008,1986,Heather,0.010733,girl
235009,1986,Elizabeth,0.010334,girl
235010,1986,Megan,0.010081,girl
235011,1986,Melissa,0.009579,girl
235012,1986,Amber,0.009192,girl
235013,1986,Lauren,0.009037,girl
235014,1986,Rachel,0.008374,girl
235015,1986,Danielle,0.008104,girl
235016,1986,Tiffany,0.007852,girl
235017,1986,Kimberly,0.007815,girl
235018,1986,Christina,0.007793,girl
235019,1986,Laura,0.007683,girl
235020,1986,Samantha,0.007638,girl
235021,1986,Amy,0.007294,girl
235022,1986,Michelle,0.007212,girl
235023,1986,Emily,0.007174,girl
235024,1986,Crystal,0.006883,girl
235025,1986,Rebecca,0.006393,girl
235026,1986,Sara,0.005989,girl
235027,1986,Katherine,0.005726,girl
235028,1986,Kelly,0.005647,girl
235029,1986,Erin,0.005457,girl
235030,1986,Erica,0.005405,girl
235031,1986,Whitney,0.005168,girl
235032,1986,Angela,0.005022,girl
235033,1986,Jamie,0.005004,girl
235034,1986,Courtney,0.004946,girl
235035,1986,Andrea,0.004681,girl
235036,1986,Mary,0.004611,girl
235037,1986,Katie,0.004517,girl
235038,1986,Lindsey,0.004367,girl
235039,1986,Lisa,0.004283,girl
235040,1986,Kristen,0.00425,girl
235041,1986,Allison,0.004106,girl
235042,1986,Vanessa,0.004048,girl
235043,1986,Shannon,0.004014,girl
235044,1986,Alicia,0.003803,girl
235045,1986,Lindsay,0.003772,girl
235046,1986,Christine,0.003751,girl
235047,1986,Kathryn,0.003468,girl
235048,1986,Maria,0.003318,girl
235049,1986,Kristin,0.003254,girl
235050,1986,Anna,0.003196,girl
235051,1986,Natalie,0.00309,girl
235052,1986,April,0.003076,girl
235053,1986,Victoria,0.003074,girl
235054,1986,Jenna,0.002936,girl
235055,1986,Tara,0.002756,girl
235056,1986,Jacqueline,0.002737,girl
235057,1986,Julie,0.002719,girl
235058,1986,Monica,0.002715,girl
235059,1986,Cassandra,0.002705,girl
235060,1986,Krystal,0.002673,girl
235061,1986,Kristina,0.002625,girl
235062,1986,Holly,0.002624,girl
235063,1986,Kayla,0.002526,girl
235064,1986,Brittney,0.00249,girl
235065,1986,Patricia,0.002303,girl
235066,1986,Catherine,0.0023,girl
235067,1986,Kathleen,0.002239,girl
235068,1986,Caitlin,0.002106,girl
235069,1986,Natasha,0.0021,girl
235070,1986,Meghan,0.002098,girl
235071,1986,Alexandra,0.00206,girl
235072,1986,Chelsea,0.002036,girl
235073,1986,Erika,0.001993,girl
235074,1986,Diana,0.001986,girl
235075,1986,Valerie,0.001963,girl
235076,1986,Veronica,0.001937,girl
235077,1986,Leah,0.00187,girl
235078,1986,Brandi,0.001861,girl
235079,1986,Casey,0.001856,girl
235080,1986,Cynthia,0.001854,girl
235081,1986,Hannah,0.001835,girl
235082,1986,Mallory,0.001803,girl
235083,1986,Brandy,0.001787,girl
235084,1986,Leslie,0.001748,girl
235085,1986,Alyssa,0.001747,girl
235086,1986,Stacy,0.001747,girl
235087,1986,Julia,0.001685,girl
235088,1986,Bethany,0.001671,girl
235089,1986,Felicia,0.00167,girl
235090,1986,Margaret,0.001668,girl
235091,1986,Dana,0.001666,girl
235092,1986,Krista,0.001656,girl
235093,1986,Stacey,0.001646,girl
235094,1986,Jasmine,0.001622,girl
235095,1986,Alison,0.001614,girl
235096,1986,Melanie,0.001612,girl
235097,1986,Dominique,0.001595,girl
235098,1986,Katrina,0.001533,girl
235099,1986,Karen,0.001517,girl
235100,1986,Kendra,0.001495,girl
235101,1986,Kara,0.001474,girl
235102,1986,Rachael,0.001462,girl
235103,1986,Brooke,0.001461,girl
235104,1986,Nichole,0.001439,girl
235105,1986,Sandra,0.00143,girl
235106,1986,Jillian,0.001404,girl
235107,1986,Candice,0.001389,girl
235108,1986,Carrie,0.001389,girl
235109,1986,Molly,0.001385,girl
235110,1986,Latoya,0.001375,girl
235111,1986,Kelsey,0.001365,girl
235112,1986,Morgan,0.00134,girl
235113,1986,Candace,0.001335,girl
235114,1986,Marissa,0.001322,girl
235115,1986,Nancy,0.001316,girl
235116,1986,Tracy,0.001316,girl
235117,1986,Susan,0.001292,girl
235118,1986,Gina,0.001279,girl
235119,1986,Sabrina,0.001252,girl
235120,1986,Lacey,0.001228,girl
235121,1986,Robin,0.001226,girl
235122,1986,Meagan,0.001218,girl
235123,1986,Brenda,0.001213,girl
235124,1986,Alisha,0.001212,girl
235125,1986,Joanna,0.001205,girl
235126,1986,Renee,0.001202,girl
235127,1986,Denise,0.001195,girl
235128,1986,Alexis,0.001191,girl
235129,1986,Angelica,0.001164,girl
235130,1986,Heidi,0.001151,girl
235131,1986,Ashlee,0.001148,girl
235132,1986,Jaclyn,0.001142,girl
235133,1986,Tamara,0.00114,girl
235134,1986,Jordan,0.001129,girl
235135,1986,Monique,0.001109,girl
235136,1986,Miranda,0.001103,girl
235137,1986,Pamela,0.001093,girl
235138,1986,Tabitha,0.00109,girl
235139,1986,Teresa,0.001089,girl
235140,1986,Desiree,0.001088,girl
235141,1986,Kelli,0.001086,girl
235142,1986,Abigail,0.001083,girl
235143,1986,Theresa,0.001072,girl
235144,1986,Misty,0.001069,girl
235145,1986,Tina,0.001063,girl
235146,1986,Melinda,0.001062,girl
235147,1986,Linda,0.001058,girl
235148,1986,Katelyn,0.00105,girl
235149,1986,Meredith,0.001045,girl
235150,1986,Anne,0.001039,girl
235151,1986,Colleen,0.001,girl
235152,1986,Rebekah,0.000994,girl
235153,1986,Brianna,0.000985,girl
235154,1986,Savannah,0.000981,girl
235155,1986,Cassie,0.00098,girl
235156,1986,Caroline,0.000979,girl
235157,1986,Kristy,0.000968,girl
235158,1986,Jill,0.000959,girl
235159,1986,Tanya,0.000956,girl
235160,1986,Krystle,0.00095,girl
235161,1986,Carolyn,0.000937,girl
235162,1986,Cristina,0.000925,girl
235163,1986,Ebony,0.000902,girl
235164,1986,Deanna,0.000901,girl
235165,1986,Ana,0.000886,girl
235166,1986,Jenny,0.000884,girl
235167,1986,Kristi,0.000878,girl
235168,1986,Sierra,0.000873,girl
235169,1986,Kari,0.000868,girl
235170,1986,Angel,0.000858,girl
235171,1986,Bridget,0.000854,girl
235172,1986,Sheena,0.000853,girl
235173,1986,Christy,0.000844,girl
235174,1986,Priscilla,0.000832,girl
235175,1986,Marie,0.000825,girl
235176,1986,Wendy,0.000822,girl
235177,1986,Christa,0.000821,girl
235178,1986,Mayra,0.000814,girl
235179,1986,Audrey,0.000806,girl
235180,1986,Barbara,0.000805,girl
235181,1986,Lori,0.000796,girl
235182,1986,Kaitlin,0.000795,girl
235183,1986,Dawn,0.000787,girl
235184,1986,Cindy,0.000783,girl
235185,1986,Kate,0.000781,girl
235186,1986,Sharon,0.000772,girl
235187,1986,Michele,0.000771,girl
235188,1986,Britney,0.000761,girl
235189,1986,Stefanie,0.000753,girl
235190,1986,Kristine,0.000741,girl
235191,1986,Virginia,0.000741,girl
235192,1986,Carla,0.00073,girl
235193,1986,Cara,0.000725,girl
235194,1986,Claudia,0.00072,girl
235195,1986,Adrienne,0.000717,girl
235196,1986,Aimee,0.000715,girl
235197,1986,Claire,0.000707,girl
235198,1986,Tasha,0.000706,girl
235199,1986,Ann,0.000705,girl
235200,1986,Tonya,0.000705,girl
235201,1986,Deborah,0.000695,girl
235202,1986,Haley,0.000694,girl
235203,1986,Jessie,0.000691,girl
235204,1986,Trisha,0.000688,girl
235205,1986,Regina,0.000688,girl
235206,1986,Robyn,0.000685,girl
235207,1986,Jacquelyn,0.000683,girl
235208,1986,Justine,0.000682,girl
235209,1986,Ashleigh,0.000681,girl
235210,1986,Emma,0.00068,girl
235211,1986,Sade,0.000675,girl
235212,1986,Adriana,0.000674,girl
235213,1986,Janet,0.000669,girl
235214,1986,Olivia,0.000666,girl
235215,1986,Janelle,0.000661,girl
235216,1986,Jaime,0.000659,girl
235217,1986,Taylor,0.000659,girl
235218,1986,Kaitlyn,0.000655,girl
235219,1986,Latasha,0.000653,girl
235220,1986,Carmen,0.000649,girl
235221,1986,Shawna,0.000648,girl
235222,1986,Carly,0.000644,girl
235223,1986,Kasey,0.00064,girl
235224,1986,Sasha,0.000627,girl
235225,1986,Grace,0.000624,girl
235226,1986,Martha,0.000623,girl
235227,1986,Beth,0.000616,girl
235228,1986,Summer,0.000611,girl
235229,1986,Lydia,0.00061,girl
235230,1986,Alexandria,0.000609,girl
235231,1986,Autumn,0.000608,girl
235232,1986,Abby,0.000607,girl
235233,1986,Jeanette,0.000603,girl
235234,1986,Briana,0.000599,girl
235235,1986,Shana,0.000593,girl
235236,1986,Bonnie,0.000592,girl
235237,1986,Hillary,0.000587,girl
235238,1986,Evelyn,0.000586,girl
235239,1986,Ruth,0.000585,girl
235240,1986,Kellie,0.000585,girl
235241,1986,Toni,0.000583,girl
235242,1986,Nina,0.000582,girl
235243,1986,Mindy,0.000581,girl
235244,1986,Sophia,0.000573,girl
235245,1986,Mandy,0.000572,girl
235246,1986,Marisa,0.000572,girl
235247,1986,Elise,0.000564,girl
235248,1986,Joy,0.000563,girl
235249,1986,Nikita,0.000561,girl
235250,1986,Cheryl,0.000558,girl
235251,1986,Randi,0.000552,girl
235252,1986,Amelia,0.000551,girl
235253,1986,Diane,0.000548,girl
235254,1986,Nikki,0.000547,girl
235255,1986,Suzanne,0.000547,girl
235256,1986,Tammy,0.000546,girl
235257,1986,Kelley,0.000542,girl
235258,1986,Donna,0.000536,girl
235259,1986,Christie,0.000531,girl
235260,1986,Sheila,0.000531,girl
235261,1986,Raquel,0.000529,girl
235262,1986,Gloria,0.000528,girl
235263,1986,Ellen,0.000526,girl
235264,1986,Rosa,0.000523,girl
235265,1986,Gabrielle,0.000522,girl
235266,1986,Ashton,0.000517,girl
235267,1986,Naomi,0.000512,girl
235268,1986,Melody,0.000507,girl
235269,1986,Rachelle,0.0005,girl
235270,1986,Karla,0.000498,girl
235271,1986,Keri,0.000494,girl
235272,1986,Hilary,0.000493,girl
235273,1986,Hope,0.000493,girl
235274,1986,Katharine,0.000493,girl
235275,1986,Shelby,0.000488,girl
235276,1986,Jodi,0.000485,girl
235277,1986,Yolanda,0.000478,girl
235278,1986,Paula,0.000476,girl
235279,1986,Paige,0.000475,girl
235280,1986,Sylvia,0.000475,girl
235281,1986,Hayley,0.000471,girl
235282,1986,Traci,0.00047,girl
235283,1986,Jade,0.000468,girl
235284,1986,Charlotte,0.000466,girl
235285,1986,Charity,0.000464,girl
235286,1986,Sonia,0.000464,girl
235287,1986,Esther,0.000462,girl
235288,1986,Madeline,0.000462,girl
235289,1986,Shanna,0.000462,girl
235290,1986,Lacy,0.000461,girl
235291,1986,Jocelyn,0.00046,girl
235292,1986,Yesenia,0.000458,girl
235293,1986,Bianca,0.000449,girl
235294,1986,Alissa,0.000449,girl
235295,1986,Maggie,0.000449,girl
235296,1986,Allyson,0.000446,girl
235297,1986,Rose,0.000445,girl
235298,1986,Brianne,0.000442,girl
235299,1986,Angelina,0.000441,girl
235300,1986,Stacie,0.00044,girl
235301,1986,Chelsey,0.000438,girl
235302,1986,Roxanne,0.000438,girl
235303,1986,Johanna,0.000436,girl
235304,1986,Daisy,0.000434,girl
235305,1986,Charlene,0.000425,girl
235306,1986,Antoinette,0.000423,girl
235307,1986,Kerri,0.000423,girl
235308,1986,Debra,0.000421,girl
235309,1986,Carol,0.000417,girl
235310,1986,Carissa,0.000414,girl
235311,1986,Helen,0.000414,girl
235312,1986,Frances,0.000414,girl
235313,1986,Clarissa,0.000413,girl
235314,1986,Gabriela,0.000411,girl
235315,1986,Cortney,0.00041,girl
235316,1986,Tracey,0.000409,girl
235317,1986,Miriam,0.000408,girl
235318,1986,Yvette,0.000407,girl
235319,1986,Kayleigh,0.000406,girl
235320,1986,Shauna,0.000405,girl
235321,1986,Kirsten,0.000405,girl
235322,1986,Anita,0.000404,girl
235323,1986,Kristie,0.000403,girl
235324,1986,Meaghan,0.000403,girl
235325,1986,Shelly,0.000402,girl
235326,1986,Taryn,0.000401,girl
235327,1986,Sonya,0.000399,girl
235328,1986,Yvonne,0.000399,girl
235329,1986,Ciara,0.000397,girl
235330,1986,Eva,0.000396,girl
235331,1986,Keisha,0.000396,girl
235332,1986,Alana,0.000395,girl
235333,1986,Aubrey,0.000391,girl
235334,1986,Karina,0.00039,girl
235335,1986,Annie,0.000389,girl
235336,1986,Leigh,0.000389,girl
235337,1986,Tabatha,0.000387,girl
235338,1986,Alice,0.000381,girl
235339,1986,Breanna,0.000381,girl
235340,1986,Ryan,0.000381,girl
235341,1986,Elisabeth,0.00038,girl
235342,1986,Elyse,0.00038,girl
235343,1986,Jasmin,0.000379,girl
235344,1986,Kerry,0.000379,girl
235345,1986,Brittani,0.000378,girl
235346,1986,Rochelle,0.000378,girl
235347,1986,Cierra,0.000373,girl
235348,1986,Cecilia,0.000372,girl
235349,1986,Tanisha,0.000368,girl
235350,1986,Tia,0.000368,girl
235351,1986,Jana,0.000367,girl
235352,1986,Camille,0.000364,girl
235353,1986,Leticia,0.000363,girl
235354,1986,Sherry,0.000363,girl
235355,1986,Elisa,0.000362,girl
235356,1986,Jane,0.000362,girl
235357,1986,Lyndsey,0.00036,girl
235358,1986,Elaine,0.000359,girl
235359,1986,Lorena,0.000358,girl
235360,1986,Janice,0.000357,girl
235361,1986,Katy,0.000355,girl
235362,1986,Latisha,0.000355,girl
235363,1986,Ariel,0.000354,girl
235364,1986,Tricia,0.000352,girl
235365,1986,Madison,0.000349,girl
235366,1986,Rhonda,0.000347,girl
235367,1986,Alyson,0.000346,girl
235368,1986,Staci,0.000346,girl
235369,1986,Elena,0.000346,girl
235370,1986,Faith,0.000343,girl
235371,1986,Maureen,0.000341,girl
235372,1986,Terri,0.000341,girl
235373,1986,Dorothy,0.00034,girl
235374,1986,Jena,0.000335,girl
235375,1986,Tessa,0.000335,girl
235376,1986,Chasity,0.000335,girl
235377,1986,Tatiana,0.00033,girl
235378,1986,Destiny,0.000329,girl
235379,1986,Annette,0.000328,girl
235380,1986,Sandy,0.000328,girl
235381,1986,Guadalupe,0.000328,girl
235382,1986,Constance,0.000327,girl
235383,1986,India,0.000327,girl
235384,1986,Francesca,0.000327,girl
235385,1986,Julianne,0.000324,girl
235386,1986,Callie,0.000322,girl
235387,1986,Cristal,0.000322,girl
235388,1986,Irene,0.000321,girl
235389,1986,Sally,0.000321,girl
235390,1986,Michael,0.00032,girl
235391,1986,Laurie,0.000319,girl
235392,1986,Ericka,0.000318,girl
235393,1986,Juanita,0.000316,girl
235394,1986,Tiara,0.000315,girl
235395,1986,Jennie,0.000313,girl
235396,1986,Kathy,0.00031,girl
235397,1986,Shaina,0.000308,girl
235398,1986,Leanne,0.000307,girl
235399,1986,Shelley,0.000305,girl
235400,1986,Ruby,0.000302,girl
235401,1986,Tamika,0.000302,girl
235402,1986,Trista,0.000302,girl
235403,1986,Lillian,0.0003,girl
235404,1986,Shayla,0.000297,girl
235405,1986,Christian,0.000297,girl
235406,1986,Brandie,0.000296,girl
235407,1986,Rita,0.000295,girl
235408,1986,Eileen,0.000291,girl
235409,1986,Joyce,0.000291,girl
235410,1986,Lara,0.000291,girl
235411,1986,Caitlyn,0.00029,girl
235412,1986,Ashlie,0.000289,girl
235413,1986,Tierra,0.000288,girl
235414,1986,Judith,0.000287,girl
235415,1986,Patrice,0.000286,girl
235416,1986,Lakeisha,0.000285,girl
235417,1986,Alejandra,0.000284,girl
235418,1986,Jami,0.000284,girl
235419,1986,Lesley,0.000282,girl
235420,1986,Alma,0.000282,girl
235421,1986,Michaela,0.000281,girl
235422,1986,Lynn,0.000279,girl
235423,1986,Jaimie,0.000278,girl
235424,1986,Marisol,0.000278,girl
235425,1986,Keshia,0.000277,girl
235426,1986,Kendall,0.000276,girl
235427,1986,Jackie,0.000272,girl
235428,1986,Bailey,0.000271,girl
235429,1986,Bridgette,0.000271,girl
235430,1986,Alexa,0.00027,girl
235431,1986,Lucy,0.00027,girl
235432,1986,Chanel,0.000269,girl
235433,1986,Blair,0.000267,girl
235434,1986,Daniela,0.000267,girl
235435,1986,Kira,0.000267,girl
235436,1986,Ashly,0.000266,girl
235437,1986,Mackenzie,0.000266,girl
235438,1986,Mia,0.000266,girl
235439,1986,Tiffani,0.000266,girl
235440,1986,Kaylee,0.000265,girl
235441,1986,Alisa,0.000264,girl
235442,1986,Iris,0.000264,girl
235443,1986,Marilyn,0.000264,girl
235444,1986,Maribel,0.000263,girl
235445,1986,Laurel,0.000263,girl
235446,1986,Kassandra,0.000262,girl
235447,1986,Nora,0.000262,girl
235448,1986,Celeste,0.000261,girl
235449,1986,Eliana,0.00026,girl
235450,1986,Isabel,0.00026,girl
235451,1986,Marlene,0.00026,girl
235452,1986,Chantel,0.000258,girl
235453,1986,Nadia,0.000258,girl
235454,1986,Rosemary,0.000256,girl
235455,1986,Shayna,0.000256,girl
235456,1986,Connie,0.000255,girl
235457,1986,Norma,0.000255,girl
235458,1986,Belinda,0.000254,girl
235459,1986,Ashely,0.000253,girl
235460,1986,Devin,0.000253,girl
235461,1986,Esmeralda,0.000252,girl
235462,1986,Carolina,0.000252,girl
235463,1986,Chloe,0.000252,girl
235464,1986,Amie,0.000251,girl
235465,1986,Corinne,0.00025,girl
235466,1986,Sydney,0.00025,girl
235467,1986,Hollie,0.000248,girl
235468,1986,Joanne,0.000248,girl
235469,1986,Jenifer,0.000247,girl
235470,1986,Josephine,0.000247,girl
235471,1986,Christen,0.000246,girl
235472,1986,Hailey,0.000246,girl
235473,1986,Alaina,0.000245,girl
235474,1986,Bobbie,0.000245,girl
235475,1986,Serena,0.000245,girl
235476,1986,Darlene,0.000245,girl
235477,1986,Kylie,0.000244,girl
235478,1986,Beverly,0.000243,girl
235479,1986,Ciera,0.000242,girl
235480,1986,Jacklyn,0.000242,girl
235481,1986,Genevieve,0.000241,girl
235482,1986,Larissa,0.000241,girl
235483,1986,Jayme,0.000241,girl
235484,1986,Vivian,0.00024,girl
235485,1986,Marquita,0.000239,girl
235486,1986,Noelle,0.000239,girl
235487,1986,Brenna,0.000238,girl
235488,1986,Angie,0.000238,girl
235489,1986,Margarita,0.000238,girl
235490,1986,Devon,0.000236,girl
235491,1986,Shirley,0.000236,girl
235492,1986,Audra,0.000235,girl
235493,1986,Kacie,0.000235,girl
235494,1986,Anastasia,0.000233,girl
235495,1986,Juliana,0.000233,girl
235496,1986,Blanca,0.000233,girl
235497,1986,Elisha,0.000232,girl
235498,1986,Lena,0.000232,girl
235499,1986,Jeannette,0.000231,girl
235500,1986,Sherri,0.000231,girl
235501,1986,Ariana,0.000227,girl
235502,1986,Precious,0.000226,girl
235503,1986,Latonya,0.000225,girl
235504,1986,Terra,0.000225,girl
235505,1986,Judy,0.000223,girl
235506,1986,Chelsie,0.000223,girl
235507,1986,Tania,0.000222,girl
235508,1986,Christopher,0.000222,girl
235509,1986,Dianna,0.00022,girl
235510,1986,Gretchen,0.00022,girl
235511,1986,Betty,0.000219,girl
235512,1986,Maritza,0.000219,girl
235513,1986,Chrystal,0.000219,girl
235514,1986,Savanna,0.000219,girl
235515,1986,Karissa,0.000217,girl
235516,1986,Liliana,0.000217,girl
235517,1986,Jean,0.000216,girl
235518,1986,Chandra,0.000216,girl
235519,1986,Casandra,0.000215,girl
235520,1986,Fallon,0.000214,girl
235521,1986,Leann,0.000214,girl
235522,1986,Corey,0.000213,girl
235523,1986,Maegan,0.000212,girl
235524,1986,Tori,0.000212,girl
235525,1986,Breanne,0.000211,girl
235526,1986,Kristal,0.000209,girl
235527,1986,Sheri,0.000209,girl
235528,1986,Susana,0.000209,girl
235529,1986,Clara,0.000209,girl
235530,1986,Mercedes,0.000209,girl
235531,1986,Tiana,0.000208,girl
235532,1986,Asia,0.000208,girl
235533,1986,Mandi,0.000208,girl
235534,1986,Marina,0.000208,girl
235535,1986,Becky,0.000207,girl
235536,1986,Santana,0.000207,girl
235537,1986,Christin,0.000207,girl
235538,1986,Racheal,0.000206,girl
235539,1986,Bobbi,0.000204,girl
235540,1986,Tracie,0.000204,girl
235541,1986,Janine,0.000203,girl
235542,1986,Domonique,0.000203,girl
235543,1986,Natalia,0.000202,girl
235544,1986,Aisha,0.000202,girl
235545,1986,Cassidy,0.000201,girl
235546,1986,Kyla,0.000201,girl
235547,1986,Ivy,0.000201,girl
235548,1986,Mollie,0.000201,girl
235549,1986,Abbey,0.0002,girl
235550,1986,Gwendolyn,0.0002,girl
235551,1986,Joann,0.0002,girl
235552,1986,Jolene,0.0002,girl
235553,1986,Tiffanie,0.000199,girl
235554,1986,Deidre,0.000199,girl
235555,1986,Kimberley,0.000199,girl
235556,1986,Shari,0.000197,girl
235557,1986,Celia,0.000195,girl
235558,1986,Kali,0.000195,girl
235559,1986,Teri,0.000194,girl
235560,1986,Shantel,0.000193,girl
235561,1986,Lorraine,0.000193,girl
235562,1986,Betsy,0.000192,girl
235563,1986,Jesse,0.000191,girl
235564,1986,Arlene,0.000191,girl
235565,1986,Lyndsay,0.000189,girl
235566,1986,Tameka,0.000189,girl
235567,1986,Justina,0.000188,girl
235568,1986,Lea,0.000187,girl
235569,1986,Lora,0.000187,girl
235570,1986,Antonia,0.000186,girl
235571,1986,Cherie,0.000185,girl
235572,1986,Alecia,0.000184,girl
235573,1986,Elissa,0.000184,girl
235574,1986,Lucia,0.000184,girl
235575,1986,Edith,0.000183,girl
235576,1986,Chiquita,0.000182,girl
235577,1986,Marisela,0.000181,girl
235578,1986,Rocio,0.000181,girl
235579,1986,Talia,0.000181,girl
235580,1986,Halley,0.00018,girl
235581,1986,Maricela,0.00018,girl
235582,1986,Octavia,0.00018,girl
235583,1986,Lacie,0.00018,girl
235584,1986,Sadie,0.000178,girl
235585,1986,Brittni,0.000178,girl
235586,1986,Melisa,0.000178,girl
235587,1986,Shante,0.000178,girl
235588,1986,Jazmin,0.000177,girl
235589,1986,Lakisha,0.000177,girl
235590,1986,Rosanna,0.000177,girl
235591,1986,Stevie,0.000177,girl
235592,1986,Janette,0.000176,girl
235593,1986,Jodie,0.000176,girl
235594,1986,Raven,0.000176,girl
235595,1986,Jody,0.000175,girl
235596,1986,Latrice,0.000175,girl
235597,1986,Leanna,0.000175,girl
235598,1986,Lynette,0.000175,girl
235599,1986,Silvia,0.000175,girl
235600,1986,Luz,0.000174,girl
235601,1986,Myra,0.000174,girl
235602,1986,Christi,0.000174,girl
235603,1986,Arielle,0.000172,girl
235604,1986,Britni,0.000172,girl
235605,1986,Kristyn,0.000172,girl
235606,1986,Sonja,0.000171,girl
235607,1986,Araceli,0.000171,girl
235608,1986,Cori,0.000171,girl
235609,1986,Janna,0.000171,girl
235610,1986,Kacey,0.000171,girl
235611,1986,Daniella,0.00017,girl
235612,1986,Princess,0.00017,girl
235613,1986,Loren,0.000169,girl
235614,1986,Nadine,0.000168,girl
235615,1986,Angelique,0.000167,girl
235616,1986,Joshua,0.000167,girl
235617,1986,Trina,0.000165,girl
235618,1986,Adrian,0.000165,girl
235619,1986,Kaci,0.000164,girl
235620,1986,Lana,0.000163,girl
235621,1986,Joni,0.000163,girl
235622,1986,Alyse,0.000162,girl
235623,1986,Cheri,0.000161,girl
235624,1986,Janie,0.000161,girl
235625,1986,Loretta,0.000161,girl
235626,1986,Ashli,0.000161,girl
235627,1986,Rhiannon,0.000161,girl
235628,1986,Martina,0.00016,girl
235629,1986,Paris,0.00016,girl
235630,1986,Britany,0.000159,girl
235631,1986,Kourtney,0.000158,girl
235632,1986,Shameka,0.000158,girl
235633,1986,Krysta,0.000158,girl
235634,1986,Lily,0.000158,girl
235635,1986,Tera,0.000158,girl
235636,1986,Laci,0.000157,girl
235637,1986,Adrianne,0.000157,girl
235638,1986,Alanna,0.000156,girl
235639,1986,Daniel,0.000156,girl
235640,1986,Ginger,0.000156,girl
235641,1986,Lashonda,0.000156,girl
235642,1986,Alycia,0.000155,girl
235643,1986,Dina,0.000155,girl
235644,1986,Kaleigh,0.000155,girl
235645,1986,Lee,0.000155,girl
235646,1986,Joan,0.000155,girl
235647,1986,Joelle,0.000154,girl
235648,1986,Roberta,0.000154,girl
235649,1986,Julianna,0.000154,girl
235650,1986,Billie,0.000153,girl
235651,1986,Catrina,0.000153,girl
235652,1986,Dominque,0.000153,girl
235653,1986,Maryann,0.000153,girl
235654,1986,Selena,0.000153,girl
235655,1986,Lakeshia,0.000152,girl
235656,1986,Matthew,0.000152,girl
235657,1986,Ali,0.000152,girl
235658,1986,Kim,0.000152,girl
235659,1986,Leeann,0.000152,girl
235660,1986,Marcella,0.000152,girl
235661,1986,Marjorie,0.000152,girl
235662,1986,Maranda,0.000151,girl
235663,1986,Roxana,0.000151,girl
235664,1986,Hanna,0.00015,girl
235665,1986,Marcia,0.00015,girl
235666,1986,Bernadette,0.00015,girl
235667,1986,Darcy,0.00015,girl
235668,1986,David,0.000149,girl
235669,1986,Desirae,0.000149,girl
235670,1986,Maura,0.000149,girl
235671,1986,Dena,0.000148,girl
235672,1986,James,0.000148,girl
235673,1986,Kala,0.000148,girl
235674,1986,Adrianna,0.000148,girl
235675,1986,Kimberlee,0.000148,girl
235676,1986,Mariah,0.000148,girl
235677,1986,Cathy,0.000147,girl
235678,1986,Corina,0.000147,girl
235679,1986,Marianne,0.000147,girl
235680,1986,Debbie,0.000146,girl
235681,1986,Deidra,0.000146,girl
235682,1986,Brandon,0.000146,girl
235683,1986,Nakita,0.000146,girl
235684,1986,Hallie,0.000145,girl
235685,1986,Lizette,0.000145,girl
235686,1986,Athena,0.000144,girl
235687,1986,Selina,0.000144,girl
235688,1986,Kia,0.000143,girl
235689,1986,Kristian,0.000143,girl
235690,1986,Cherish,0.000143,girl
235691,1986,Eleanor,0.000142,girl
235692,1986,Kati,0.000142,girl
235693,1986,Shamika,0.000142,girl
235694,1986,Susanna,0.000142,girl
235695,1986,Kyle,0.000141,girl
235696,1986,Brittanie,0.00014,girl
235697,1986,Dayna,0.00014,girl
235698,1986,Beatrice,0.00014,girl
235699,1986,Cari,0.00014,girl
235700,1986,Simone,0.00014,girl
235701,1986,Stephany,0.00014,girl
235702,1986,Cory,0.000139,girl
235703,1986,Kandice,0.000138,girl
235704,1986,Peggy,0.000138,girl
235705,1986,Chantal,0.000138,girl
235706,1986,Felisha,0.000137,girl
235707,1986,Kylee,0.000137,girl
235708,1986,Tosha,0.000137,girl
235709,1986,Marlena,0.000137,girl
235710,1986,Noel,0.000137,girl
235711,1986,Shawn,0.000137,girl
235712,1986,Aileen,0.000136,girl
235713,1986,Bridgett,0.000136,girl
235714,1986,Eboni,0.000136,girl
235715,1986,Holli,0.000136,girl
235716,1986,Kassie,0.000136,girl
235717,1986,Tami,0.000136,girl
235718,1986,Jeannie,0.000135,girl
235719,1986,Noemi,0.000134,girl
235720,1986,Chantelle,0.000133,girl
235721,1986,Celina,0.000133,girl
235722,1986,Georgia,0.000133,girl
235723,1986,Ingrid,0.000133,girl
235724,1986,Janae,0.000133,girl
235725,1986,Krystina,0.000133,girl
235726,1986,Justin,0.000132,girl
235727,1986,Lakesha,0.000132,girl
235728,1986,Daphne,0.000132,girl
235729,1986,Deana,0.000132,girl
235730,1986,Janell,0.000132,girl
235731,1986,Latosha,0.000132,girl
235732,1986,Sofia,0.000132,girl
235733,1986,Alysha,0.000131,girl
235734,1986,Carina,0.000131,girl
235735,1986,Kori,0.000131,girl
235736,1986,Monika,0.000131,girl
235737,1986,Robert,0.000131,girl
235738,1986,Kaley,0.00013,girl
235739,1986,Marsha,0.00013,girl
235740,1986,Cora,0.000129,girl
235741,1986,Emilie,0.000129,girl
235742,1986,Kenya,0.000129,girl
235743,1986,Cheyenne,0.000128,girl
235744,1986,Beatriz,0.000127,girl
235745,1986,Maya,0.000126,girl
235746,1986,Portia,0.000126,girl
235747,1986,Shanika,0.000126,girl
235748,1986,Jeanne,0.000126,girl
235749,1986,Alesha,0.000125,girl
235750,1986,Annmarie,0.000125,girl
235751,1986,Gladys,0.000125,girl
235752,1986,Janel,0.000125,girl
235753,1986,Kelsie,0.000125,girl
235754,1986,Eliza,0.000125,girl
235755,1986,Nicolette,0.000125,girl
235756,1986,Mckenzie,0.000124,girl
235757,1986,Olga,0.000124,girl
235758,1986,Abbie,0.000124,girl
235759,1986,Renae,0.000124,girl
235760,1986,Dara,0.000123,girl
235761,1986,Ladonna,0.000123,girl
235762,1986,Allie,0.000123,girl
235763,1986,Casie,0.000122,girl
235764,1986,Perla,0.000122,girl
235765,1986,Jessi,0.000122,girl
235766,1986,Tamra,0.000122,girl
235767,1986,Valarie,0.000122,girl
235768,1986,Fatima,0.000121,girl
235769,1986,Kristan,0.000121,girl
235770,1986,Danelle,0.00012,girl
235771,1986,Irma,0.00012,girl
235772,1986,Viviana,0.00012,girl
235773,1986,John,0.000119,girl
235774,1986,Liza,0.000119,girl
235775,1986,Pauline,0.000119,girl
235776,1986,Tanesha,0.000119,girl
235777,1986,Shanda,0.000118,girl
235778,1986,Laquita,0.000118,girl
235779,1986,Marla,0.000118,girl
235780,1986,Griselda,0.000117,girl
235781,1986,Lynsey,0.000117,girl
235782,1986,Rikki,0.000117,girl
235783,1986,Candy,0.000117,girl
235784,1986,Aurora,0.000116,girl
235785,1986,Giselle,0.000116,girl
235786,1986,Katelin,0.000116,girl
235787,1986,Phylicia,0.000116,girl
235788,1986,Andrew,0.000116,girl
235789,1986,Zoe,0.000116,girl
235790,1986,Clare,0.000115,girl
235791,1986,Gabriella,0.000115,girl
235792,1986,Meghann,0.000115,girl
235793,1986,Nathalie,0.000115,girl
235794,1986,Christal,0.000114,girl
235795,1986,Doris,0.000114,girl
235796,1986,Leila,0.000114,girl
235797,1986,Penny,0.000114,girl
235798,1986,Sophie,0.000114,girl
235799,1986,Corrie,0.000113,girl
235800,1986,Gillian,0.000113,girl
235801,1986,Karin,0.000113,girl
235802,1986,Sheree,0.000113,girl
235803,1986,Valencia,0.000113,girl
235804,1986,Alysia,0.000113,girl
235805,1986,Carley,0.000113,girl
235806,1986,Joseph,0.000113,girl
235807,1986,Kathrine,0.000113,girl
235808,1986,Alexander,0.000112,girl
235809,1986,Cody,0.000112,girl
235810,1986,Geneva,0.000112,girl
235811,1986,Kyra,0.000112,girl
235812,1986,Marian,0.000112,girl
235813,1986,Samatha,0.000112,girl
235814,1986,Shea,0.000112,girl
235815,1986,Demetria,0.000112,girl
235816,1986,Helena,0.000112,girl
235817,1986,Sharonda,0.000112,girl
235818,1986,Valeria,0.000112,girl
235819,1986,Shanta,0.000111,girl
235820,1986,Janessa,0.000111,girl
235821,1986,Jesica,0.000111,girl
235822,1986,Josie,0.000111,girl
235823,1986,Mara,0.000111,girl
235824,1986,Elaina,0.00011,girl
235825,1986,Felecia,0.00011,girl
235826,1986,Vicki,0.00011,girl
235827,1986,Brittaney,0.000109,girl
235828,1986,Katlyn,0.000109,girl
235829,1986,Richelle,0.000109,girl
235830,1986,Lucinda,0.000108,girl
235831,1986,Rene,0.000108,girl
235832,1986,Rosalinda,0.000108,girl
235833,1986,Shardae,0.000108,girl
235834,1986,Stacia,0.000108,girl
235835,1986,Jerrica,0.000108,girl
235836,1986,Lissette,0.000108,girl
235837,1986,Tyler,0.000108,girl
235838,1986,Elsa,0.000107,girl
235839,1986,Glenda,0.000107,girl
235840,1986,Jeanna,0.000107,girl
235841,1986,Malinda,0.000107,girl
235842,1986,Sheryl,0.000107,girl
235843,1986,Anthony,0.000107,girl
235844,1986,Dora,0.000107,girl
235845,1986,Madelyn,0.000107,girl
235846,1986,Magen,0.000107,girl
235847,1986,Yasmin,0.000106,girl
235848,1986,Caryn,0.000106,girl
235849,1986,Porsha,0.000106,girl
235850,1986,Sondra,0.000106,girl
235851,1986,Magdalena,0.000105,girl
235852,1986,Roxanna,0.000105,girl
235853,1986,Tess,0.000105,girl
235854,1986,Vicky,0.000105,girl
235855,1986,Cameron,0.000105,girl
235856,1986,Cassondra,0.000105,girl
235857,1986,Delia,0.000105,girl
235858,1986,Jazmine,0.000105,girl
235859,1986,Mariana,0.000105,girl
235860,1986,Venessa,0.000105,girl
235861,1986,Britta,0.000104,girl
235862,1986,Jenelle,0.000104,girl
235863,1986,Rena,0.000104,girl
235864,1986,Stefani,0.000104,girl
235865,1986,Andria,0.000104,girl
235866,1986,Candis,0.000104,girl
235867,1986,Chastity,0.000104,girl
235868,1986,Jamila,0.000104,girl
235869,1986,Linsey,0.000104,girl
235870,1986,Nakia,0.000104,girl
235871,1986,Siobhan,0.000104,girl
235872,1986,Juana,0.000103,girl
235873,1986,Lynda,0.000103,girl
235874,1986,Sharde,0.000103,girl
235875,1986,Alina,0.000103,girl
235876,1986,Kasie,0.000103,girl
235877,1986,Ramona,0.000103,girl
235878,1986,Cherrelle,0.000102,girl
235879,1986,Deirdre,0.000102,girl
235880,1986,Emilee,0.000102,girl
235881,1986,Katelynn,0.000102,girl
235882,1986,Tarah,0.000102,girl
235883,1986,Ami,0.000101,girl
235884,1986,Charmaine,0.000101,girl
235885,1986,Liana,0.000101,girl
235886,1986,Misti,0.000101,girl
235887,1986,Delilah,0.0001,girl
235888,1986,Mallorie,0.0001,girl
235889,1986,Cherelle,0.0001,girl
235890,1986,Kandace,0.0001,girl
235891,1986,Jeanine,9.9e-05,girl
235892,1986,Marcie,9.9e-05,girl
235893,1986,Micah,9.9e-05,girl
235894,1986,Paola,9.9e-05,girl
235895,1986,Chana,9.9e-05,girl
235896,1986,Colette,9.9e-05,girl
235897,1986,Johnna,9.9e-05,girl
235898,1986,Krysten,9.9e-05,girl
235899,1986,Wanda,9.9e-05,girl
235900,1986,Aja,9.8e-05,girl
235901,1986,Malorie,9.8e-05,girl
235902,1986,Nikole,9.8e-05,girl
235903,1986,Sable,9.8e-05,girl
235904,1986,Maira,9.7e-05,girl
235905,1986,Micaela,9.7e-05,girl
235906,1986,Shaquita,9.7e-05,girl
235907,1986,Candi,9.6e-05,girl
235908,1986,Cathleen,9.6e-05,girl
235909,1986,Cristy,9.6e-05,girl
235910,1986,Kaila,9.6e-05,girl
235911,1986,Keely,9.6e-05,girl
235912,1986,Breann,9.5e-05,girl
235913,1986,Marcy,9.5e-05,girl
235914,1986,Shantell,9.5e-05,girl
235915,1986,Brett,9.5e-05,girl
235916,1986,Marta,9.5e-05,girl
235917,1986,Sherrie,9.5e-05,girl
235918,1986,Dolores,9.4e-05,girl
235919,1986,Francine,9.4e-05,girl
235920,1986,Jonathan,9.4e-05,girl
235921,1986,Rosemarie,9.4e-05,girl
235922,1986,Shanell,9.4e-05,girl
235923,1986,Cecelia,9.4e-05,girl
235924,1986,Eunice,9.4e-05,girl
235925,1986,Tabetha,9.3e-05,girl
235926,1986,Tristan,9.3e-05,girl
235927,1986,Antionette,9.3e-05,girl
235928,1986,Ashlyn,9.3e-05,girl
235929,1986,Charissa,9.3e-05,girl
235930,1986,Crista,9.3e-05,girl
235931,1986,Edna,9.3e-05,girl
235932,1986,Hilda,9.2e-05,girl
235933,1986,Jessika,9.2e-05,girl
235934,1986,Kami,9.2e-05,girl
235935,1986,Lisette,9.2e-05,girl
235936,1986,Shanae,9.2e-05,girl
235937,1986,Sharday,9.2e-05,girl
235938,1986,Tasia,9.2e-05,girl
235939,1986,Malissa,9.2e-05,girl
235940,1986,Nia,9.2e-05,girl
235941,1986,Reyna,9.2e-05,girl
235942,1986,Brynn,9.1e-05,girl
235943,1986,Lourdes,9.1e-05,girl
235944,1986,Annemarie,9.1e-05,girl
235945,1986,Danyelle,9.1e-05,girl
235946,1986,Fabiola,9.1e-05,girl
235947,1986,Jada,9.1e-05,girl
235948,1986,Krystin,9.1e-05,girl
235949,1986,Magan,9.1e-05,girl
235950,1986,Amberly,9e-05,girl
235951,1986,Mattie,9e-05,girl
235952,1986,Madeleine,9e-05,girl
235953,1986,William,9e-05,girl
235954,1986,Ashlea,8.9e-05,girl
235955,1986,Ava,8.9e-05,girl
235956,1986,Danica,8.9e-05,girl
235957,1986,Eden,8.9e-05,girl
235958,1986,Iliana,8.9e-05,girl
235959,1986,Kerrie,8.9e-05,girl
235960,1986,Kyrie,8.9e-05,girl
235961,1986,Leandra,8.9e-05,girl
235962,1986,Mai,8.9e-05,girl
235963,1986,Mari,8.9e-05,girl
235964,1986,Yadira,8.9e-05,girl
235965,1986,Diamond,8.8e-05,girl
235966,1986,Iesha,8.8e-05,girl
235967,1986,Jason,8.8e-05,girl
235968,1986,Kiley,8.8e-05,girl
235969,1986,Mariel,8.8e-05,girl
235970,1986,Tana,8.8e-05,girl
235971,1986,Brittny,8.8e-05,girl
235972,1986,Katheryn,8.8e-05,girl
235973,1986,Louise,8.8e-05,girl
235974,1986,Marion,8.8e-05,girl
235975,1986,Niki,8.8e-05,girl
235976,1986,Pearl,8.8e-05,girl
235977,1986,Shalonda,8.8e-05,girl
235978,1986,Tyesha,8.8e-05,girl
235979,1986,Kirby,8.7e-05,girl
235980,1986,Natosha,8.7e-05,girl
235981,1986,Arianna,8.7e-05,girl
235982,1986,Cathryn,8.7e-05,girl
235983,1986,Mona,8.7e-05,girl
235984,1986,Shasta,8.7e-05,girl
235985,1986,Kacy,8.6e-05,girl
235986,1986,Leilani,8.6e-05,girl
235987,1986,Rosalie,8.6e-05,girl
235988,1986,Salina,8.6e-05,girl
235989,1986,Shatara,8.6e-05,girl
235990,1986,Annamarie,8.6e-05,girl
235991,1986,June,8.6e-05,girl
235992,1986,Savanah,8.6e-05,girl
235993,1986,Christiana,8.5e-05,girl
235994,1986,Deena,8.5e-05,girl
235995,1986,Lia,8.5e-05,girl
235996,1986,Kortney,8.4e-05,girl
235997,1986,Shara,8.4e-05,girl
235998,1986,Tonia,8.4e-05,girl
235999,1986,Dannielle,8.4e-05,girl
236000,1987,Jessica,0.029897,girl
236001,1987,Ashley,0.029271,girl
236002,1987,Amanda,0.022309,girl
236003,1987,Jennifer,0.017453,girl
236004,1987,Sarah,0.014884,girl
236005,1987,Stephanie,0.011956,girl
236006,1987,Brittany,0.011864,girl
236007,1987,Nicole,0.01083,girl
236008,1987,Heather,0.010133,girl
236009,1987,Elizabeth,0.009934,girl
236010,1987,Samantha,0.009574,girl
236011,1987,Megan,0.009512,girl
236012,1987,Melissa,0.00943,girl
236013,1987,Danielle,0.009076,girl
236014,1987,Amber,0.008942,girl
236015,1987,Lauren,0.008924,girl
236016,1987,Rachel,0.008351,girl
236017,1987,Tiffany,0.007873,girl
236018,1987,Emily,0.007851,girl
236019,1987,Christina,0.007379,girl
236020,1987,Kimberly,0.006957,girl
236021,1987,Laura,0.006953,girl
236022,1987,Michelle,0.006952,girl
236023,1987,Amy,0.00629,girl
236024,1987,Rebecca,0.006203,girl
236025,1987,Crystal,0.005875,girl
236026,1987,Kayla,0.005646,girl
236027,1987,Katherine,0.005567,girl
236028,1987,Sara,0.005385,girl
236029,1987,Kelly,0.005264,girl
236030,1987,Erica,0.004979,girl
236031,1987,Whitney,0.004765,girl
236032,1987,Courtney,0.004754,girl
236033,1987,Erin,0.004727,girl
236034,1987,Angela,0.004581,girl
236035,1987,Andrea,0.004531,girl
236036,1987,Mary,0.004479,girl
236037,1987,Katie,0.004372,girl
236038,1987,Jamie,0.004224,girl
236039,1987,Lisa,0.004027,girl
236040,1987,Lindsey,0.003979,girl
236041,1987,Kristen,0.003931,girl
236042,1987,Vanessa,0.003921,girl
236043,1987,Allison,0.003919,girl
236044,1987,Shannon,0.003721,girl
236045,1987,Alicia,0.003617,girl
236046,1987,Chelsea,0.003539,girl
236047,1987,Christine,0.003533,girl
236048,1987,Lindsay,0.003486,girl
236049,1987,Victoria,0.003336,girl
236050,1987,Kathryn,0.003329,girl
236051,1987,Anna,0.003285,girl
236052,1987,Maria,0.003025,girl
236053,1987,Jacqueline,0.003007,girl
236054,1987,Kristin,0.002917,girl
236055,1987,Natalie,0.002844,girl
236056,1987,Jenna,0.00283,girl
236057,1987,April,0.002827,girl
236058,1987,Alexandra,0.002785,girl
236059,1987,Alyssa,0.00274,girl
236060,1987,Brittney,0.002738,girl
236061,1987,Kristina,0.002678,girl
236062,1987,Caitlin,0.002661,girl
236063,1987,Monica,0.002567,girl
236064,1987,Julie,0.002529,girl
236065,1987,Hannah,0.002449,girl
236066,1987,Kelsey,0.002441,girl
236067,1987,Cassandra,0.002433,girl
236068,1987,Tara,0.002375,girl
236069,1987,Krystal,0.002339,girl
236070,1987,Holly,0.002274,girl
236071,1987,Kathleen,0.002221,girl
236072,1987,Natasha,0.002204,girl
236073,1987,Catherine,0.002189,girl
236074,1987,Erika,0.002132,girl
236075,1987,Patricia,0.002089,girl
236076,1987,Kendra,0.002051,girl
236077,1987,Meghan,0.002013,girl
236078,1987,Jasmine,0.001988,girl
236079,1987,Veronica,0.00193,girl
236080,1987,Casey,0.001912,girl
236081,1987,Leah,0.001843,girl
236082,1987,Dana,0.001826,girl
236083,1987,Cynthia,0.001811,girl
236084,1987,Diana,0.001786,girl
236085,1987,Julia,0.001774,girl
236086,1987,Bethany,0.001759,girl
236087,1987,Brandi,0.001733,girl
236088,1987,Leslie,0.001705,girl
236089,1987,Margaret,0.001677,girl
236090,1987,Mallory,0.001674,girl
236091,1987,Brandy,0.001618,girl
236092,1987,Valerie,0.001581,girl
236093,1987,Brooke,0.001579,girl
236094,1987,Morgan,0.001562,girl
236095,1987,Felicia,0.001555,girl
236096,1987,Molly,0.001542,girl
236097,1987,Rachael,0.001513,girl
236098,1987,Jillian,0.001491,girl
236099,1987,Alison,0.00148,girl
236100,1987,Stacy,0.001466,girl
236101,1987,Melanie,0.001461,girl
236102,1987,Stacey,0.001446,girl
236103,1987,Kara,0.00144,girl
236104,1987,Katrina,0.001395,girl
236105,1987,Angelica,0.001388,girl
236106,1987,Karen,0.001377,girl
236107,1987,Krista,0.001363,girl
236108,1987,Marissa,0.001358,girl
236109,1987,Sabrina,0.001357,girl
236110,1987,Nichole,0.001354,girl
236111,1987,Ashlee,0.001318,girl
236112,1987,Alexis,0.001312,girl
236113,1987,Dominique,0.001304,girl
236114,1987,Sandra,0.001286,girl
236115,1987,Jaclyn,0.001281,girl
236116,1987,Lacey,0.001281,girl
236117,1987,Alisha,0.001277,girl
236118,1987,Carrie,0.001275,girl
236119,1987,Candace,0.001244,girl
236120,1987,Candice,0.001223,girl
236121,1987,Brianna,0.001222,girl
236122,1987,Gina,0.001209,girl
236123,1987,Desiree,0.001201,girl
236124,1987,Susan,0.001199,girl
236125,1987,Nancy,0.001193,girl
236126,1987,Katelyn,0.001184,girl
236127,1987,Brenda,0.001148,girl
236128,1987,Latoya,0.001148,girl
236129,1987,Monique,0.00113,girl
236130,1987,Kelli,0.001126,girl
236131,1987,Denise,0.001123,girl
236132,1987,Joanna,0.001097,girl
236133,1987,Renee,0.001093,girl
236134,1987,Caroline,0.00109,girl
236135,1987,Meagan,0.001069,girl
236136,1987,Yesenia,0.001068,girl
236137,1987,Abigail,0.001068,girl
236138,1987,Tracy,0.001062,girl
236139,1987,Miranda,0.001058,girl
236140,1987,Kaitlin,0.001046,girl
236141,1987,Linda,0.00103,girl
236142,1987,Melinda,0.001025,girl
236143,1987,Robin,0.00102,girl
236144,1987,Heidi,0.001019,girl
236145,1987,Jordan,0.001016,girl
236146,1987,Anne,0.000997,girl
236147,1987,Meredith,0.00097,girl
236148,1987,Carolyn,0.000968,girl
236149,1987,Tina,0.000966,girl
236150,1987,Tabitha,0.000965,girl
236151,1987,Sasha,0.000961,girl
236152,1987,Pamela,0.000951,girl
236153,1987,Teresa,0.000951,girl
236154,1987,Cassie,0.000937,girl
236155,1987,Tanya,0.000935,girl
236156,1987,Ebony,0.000933,girl
236157,1987,Colleen,0.000932,girl
236158,1987,Theresa,0.00093,girl
236159,1987,Tamara,0.000926,girl
236160,1987,Rebekah,0.000925,girl
236161,1987,Misty,0.000914,girl
236162,1987,Kaitlyn,0.000911,girl
236163,1987,Taylor,0.00091,girl
236164,1987,Jenny,0.000908,girl
236165,1987,Olivia,0.000903,girl
236166,1987,Kari,0.000891,girl
236167,1987,Priscilla,0.00088,girl
236168,1987,Ana,0.000878,girl
236169,1987,Deanna,0.000875,girl
236170,1987,Paige,0.000874,girl
236171,1987,Barbara,0.000868,girl
236172,1987,Sierra,0.000865,girl
236173,1987,Gabrielle,0.000855,girl
236174,1987,Justine,0.000847,girl
236175,1987,Britney,0.000846,girl
236176,1987,Emma,0.000843,girl
236177,1987,Alexandria,0.000832,girl
236178,1987,Haley,0.000831,girl
236179,1987,Bridget,0.000821,girl
236180,1987,Kristy,0.000808,girl
236181,1987,Mayra,0.000807,girl
236182,1987,Marie,0.000797,girl
236183,1987,Audrey,0.000793,girl
236184,1987,Cristina,0.000789,girl
236185,1987,Chelsey,0.000789,girl
236186,1987,Savannah,0.000784,girl
236187,1987,Adrienne,0.000783,girl
236188,1987,Jacquelyn,0.000782,girl
236189,1987,Briana,0.000773,girl
236190,1987,Kate,0.000773,girl
236191,1987,Angel,0.000772,girl
236192,1987,Autumn,0.000771,girl
236193,1987,Cindy,0.000761,girl
236194,1987,Kristi,0.000758,girl
236195,1987,Carly,0.000754,girl
236196,1987,Jill,0.000754,girl
236197,1987,Grace,0.000732,girl
236198,1987,Kristine,0.00073,girl
236199,1987,Wendy,0.000723,girl
236200,1987,Ashleigh,0.000719,girl
236201,1987,Claire,0.000709,girl
236202,1987,Kasey,0.000701,girl
236203,1987,Janet,0.0007,girl
236204,1987,Michele,0.000699,girl
236205,1987,Claudia,0.000696,girl
236206,1987,Christy,0.00069,girl
236207,1987,Tasha,0.000683,girl
236208,1987,Nina,0.000673,girl
236209,1987,Stefanie,0.000672,girl
236210,1987,Sharon,0.000666,girl
236211,1987,Virginia,0.000665,girl
236212,1987,Cara,0.000658,girl
236213,1987,Aimee,0.000657,girl
236214,1987,Jessie,0.000653,girl
236215,1987,Janelle,0.00065,girl
236216,1987,Toni,0.00065,girl
236217,1987,Krystle,0.000644,girl
236218,1987,Adriana,0.000644,girl
236219,1987,Ann,0.000644,girl
236220,1987,Lydia,0.000642,girl
236221,1987,Deborah,0.000642,girl
236222,1987,Regina,0.000641,girl
236223,1987,Latasha,0.000641,girl
236224,1987,Kelley,0.000639,girl
236225,1987,Carla,0.000638,girl
236226,1987,Tonya,0.000634,girl
236227,1987,Trisha,0.000633,girl
236228,1987,Lori,0.000624,girl
236229,1987,Raquel,0.000624,girl
236230,1987,Sheena,0.000616,girl
236231,1987,Dawn,0.000616,girl
236232,1987,Kellie,0.000615,girl
236233,1987,Carmen,0.000614,girl
236234,1987,Elise,0.00061,girl
236235,1987,Martha,0.000607,girl
236236,1987,Shawna,0.000601,girl
236237,1987,Sophia,0.000596,girl
236238,1987,Jaime,0.000593,girl
236239,1987,Hillary,0.000577,girl
236240,1987,Ellen,0.000576,girl
236241,1987,Nikki,0.000572,girl
236242,1987,Jeanette,0.000569,girl
236243,1987,Randi,0.000567,girl
236244,1987,Robyn,0.000561,girl
236245,1987,Abby,0.00056,girl
236246,1987,Summer,0.000556,girl
236247,1987,Donna,0.000549,girl
236248,1987,Ruth,0.000549,girl
236249,1987,Roxanne,0.000545,girl
236250,1987,Shana,0.000544,girl
236251,1987,Christa,0.000543,girl
236252,1987,Evelyn,0.000539,girl
236253,1987,Amelia,0.000537,girl
236254,1987,Naomi,0.00053,girl
236255,1987,Marisa,0.000528,girl
236256,1987,Gloria,0.000526,girl
236257,1987,Bonnie,0.000525,girl
236258,1987,Jocelyn,0.000524,girl
236259,1987,Gabriela,0.000522,girl
236260,1987,Rosa,0.000517,girl
236261,1987,Allyson,0.000514,girl
236262,1987,Cheryl,0.000513,girl
236263,1987,Mandy,0.000512,girl
236264,1987,Mindy,0.000511,girl
236265,1987,Suzanne,0.000506,girl
236266,1987,Beth,0.000496,girl
236267,1987,Bianca,0.000491,girl
236268,1987,Anastasia,0.000485,girl
236269,1987,Breanna,0.000484,girl
236270,1987,Melody,0.000483,girl
236271,1987,Paula,0.000482,girl
236272,1987,Shelby,0.000478,girl
236273,1987,Yolanda,0.000478,girl
236274,1987,Diane,0.000477,girl
236275,1987,Keri,0.000476,girl
236276,1987,Kirsten,0.000476,girl
236277,1987,Hayley,0.000471,girl
236278,1987,Maggie,0.000469,girl
236279,1987,Madeline,0.000468,girl
236280,1987,Rachelle,0.000466,girl
236281,1987,Hilary,0.000465,girl
236282,1987,Tammy,0.000462,girl
236283,1987,Karla,0.000462,girl
236284,1987,Sylvia,0.000461,girl
236285,1987,Jade,0.000458,girl
236286,1987,Joy,0.000458,girl
236287,1987,Esther,0.000453,girl
236288,1987,Karina,0.000452,girl
236289,1987,Lacy,0.000449,girl
236290,1987,Rose,0.000447,girl
236291,1987,Aubrey,0.000439,girl
236292,1987,Sonia,0.000439,girl
236293,1987,Alexa,0.000438,girl
236294,1987,Traci,0.000438,girl
236295,1987,Charlotte,0.000437,girl
236296,1987,Helen,0.000436,girl
236297,1987,Jasmin,0.000435,girl
236298,1987,Hope,0.000432,girl
236299,1987,Destiny,0.000431,girl
236300,1987,Tracey,0.000431,girl
236301,1987,Christie,0.00043,girl
236302,1987,Charlene,0.000429,girl
236303,1987,Elyse,0.000429,girl
236304,1987,Frances,0.000429,girl
236305,1987,Sheila,0.000426,girl
236306,1987,Brittani,0.000425,girl
236307,1987,Angelina,0.000422,girl
236308,1987,Antoinette,0.000422,girl
236309,1987,Jodi,0.000422,girl
236310,1987,Cierra,0.000419,girl
236311,1987,Shauna,0.000414,girl
236312,1987,Ciara,0.000412,girl
236313,1987,Daisy,0.000411,girl
236314,1987,Johanna,0.000411,girl
236315,1987,Alice,0.00041,girl
236316,1987,Brianne,0.000407,girl
236317,1987,Carol,0.000406,girl
236318,1987,Ashton,0.000405,girl
236319,1987,Shaina,0.000405,girl
236320,1987,Alissa,0.000403,girl
236321,1987,Cortney,0.000402,girl
236322,1987,Miriam,0.000402,girl
236323,1987,Tatiana,0.000402,girl
236324,1987,Keisha,0.000401,girl
236325,1987,Madison,0.0004,girl
236326,1987,Yvette,0.000399,girl
236327,1987,Cecilia,0.000398,girl
236328,1987,Shanna,0.000397,girl
236329,1987,Stacie,0.000396,girl
236330,1987,Rochelle,0.000395,girl
236331,1987,Anita,0.000395,girl
236332,1987,Charity,0.000395,girl
236333,1987,Carissa,0.000391,girl
236334,1987,Kerri,0.00039,girl
236335,1987,Yvonne,0.000389,girl
236336,1987,Katharine,0.000388,girl
236337,1987,Staci,0.000388,girl
236338,1987,Tia,0.000385,girl
236339,1987,Elisabeth,0.000384,girl
236340,1987,Mackenzie,0.00038,girl
236341,1987,Camille,0.000378,girl
236342,1987,Kendall,0.000374,girl
236343,1987,Ryan,0.000372,girl
236344,1987,Clarissa,0.000371,girl
236345,1987,Alyson,0.000371,girl
236346,1987,Eva,0.000371,girl
236347,1987,Leticia,0.00037,girl
236348,1987,Kristie,0.000368,girl
236349,1987,Tanisha,0.000366,girl
236350,1987,Katy,0.000359,girl
236351,1987,Tiara,0.000358,girl
236352,1987,Janice,0.000358,girl
236353,1987,Jaimie,0.000357,girl
236354,1987,Elaine,0.000357,girl
236355,1987,Kerry,0.000356,girl
236356,1987,Leigh,0.000356,girl
236357,1987,Jane,0.000355,girl
236358,1987,Chasity,0.000354,girl
236359,1987,Nikita,0.000351,girl
236360,1987,Annie,0.00035,girl
236361,1987,Meaghan,0.000349,girl
236362,1987,Tabatha,0.000348,girl
236363,1987,Irene,0.000347,girl
236364,1987,Sydney,0.000347,girl
236365,1987,Debra,0.000342,girl
236366,1987,Tricia,0.000342,girl
236367,1987,Chelsie,0.000342,girl
236368,1987,Ruby,0.000336,girl
236369,1987,Guadalupe,0.000336,girl
236370,1987,Shelly,0.000336,girl
236371,1987,Sade,0.000334,girl
236372,1987,Ariel,0.000333,girl
236373,1987,Ericka,0.000333,girl
236374,1987,Alana,0.000333,girl
236375,1987,Elisa,0.000333,girl
236376,1987,Lyndsey,0.000332,girl
236377,1987,Chantel,0.000331,girl
236378,1987,Callie,0.000329,girl
236379,1987,Sonya,0.000329,girl
236380,1987,Dorothy,0.000328,girl
236381,1987,Taryn,0.000328,girl
236382,1987,Bailey,0.000326,girl
236383,1987,Latisha,0.000325,girl
236384,1987,Rhonda,0.000325,girl
236385,1987,Kaylee,0.000323,girl
236386,1987,Caitlyn,0.000319,girl
236387,1987,Janay,0.000318,girl
236388,1987,Elena,0.000316,girl
236389,1987,Lorena,0.000315,girl
236390,1987,Patrice,0.000314,girl
236391,1987,Annette,0.000313,girl
236392,1987,Christian,0.000312,girl
236393,1987,Jena,0.000311,girl
236394,1987,Noelle,0.000311,girl
236395,1987,Shayla,0.000311,girl
236396,1987,Jana,0.00031,girl
236397,1987,Jackie,0.000308,girl
236398,1987,Sandy,0.000304,girl
236399,1987,Sherry,0.000303,girl
236400,1987,Francesca,0.000302,girl
236401,1987,Tessa,0.000302,girl
236402,1987,Constance,0.0003,girl
236403,1987,Faith,0.0003,girl
236404,1987,Joyce,0.0003,girl
236405,1987,Daniela,0.000299,girl
236406,1987,Shayna,0.000299,girl
236407,1987,Maureen,0.000296,girl
236408,1987,Mia,0.00029,girl
236409,1987,Michael,0.00029,girl
236410,1987,Tamika,0.00029,girl
236411,1987,Terri,0.000289,girl
236412,1987,Hailey,0.000287,girl
236413,1987,Lara,0.000287,girl
236414,1987,Kayleigh,0.000287,girl
236415,1987,Michaela,0.000286,girl
236416,1987,Nora,0.000286,girl
236417,1987,Marilyn,0.000284,girl
236418,1987,Nadia,0.000284,girl
236419,1987,India,0.000283,girl
236420,1987,Kira,0.000283,girl
236421,1987,Lillian,0.000283,girl
236422,1987,Sally,0.000281,girl
236423,1987,Judith,0.00028,girl
236424,1987,Juanita,0.00028,girl
236425,1987,Lakeisha,0.00028,girl
236426,1987,Alejandra,0.000279,girl
236427,1987,Ariana,0.000279,girl
236428,1987,Jami,0.000279,girl
236429,1987,Ciera,0.000278,girl
236430,1987,Laurie,0.000277,girl
236431,1987,Kathy,0.000276,girl
236432,1987,Rita,0.000276,girl
236433,1987,Marisol,0.000272,girl
236434,1987,Tierra,0.000272,girl
236435,1987,Connie,0.000271,girl
236436,1987,Ashlie,0.000271,girl
236437,1987,Ashly,0.000271,girl
236438,1987,Chloe,0.00027,girl
236439,1987,Larissa,0.000269,girl
236440,1987,Shelley,0.000269,girl
236441,1987,Lucy,0.000269,girl
236442,1987,Ashely,0.000267,girl
236443,1987,Julianne,0.000267,girl
236444,1987,Isabel,0.000264,girl
236445,1987,Tori,0.000264,girl
236446,1987,Kylie,0.000263,girl
236447,1987,Marlene,0.000263,girl
236448,1987,Maribel,0.000262,girl
236449,1987,Brenna,0.000262,girl
236450,1987,Alisa,0.000261,girl
236451,1987,Alma,0.000261,girl
236452,1987,Leanne,0.000261,girl
236453,1987,Jacklyn,0.000261,girl
236454,1987,Bridgette,0.00026,girl
236455,1987,Esmeralda,0.000258,girl
236456,1987,Keshia,0.000258,girl
236457,1987,Carolina,0.000257,girl
236458,1987,Krystina,0.000256,girl
236459,1987,Kyla,0.000255,girl
236460,1987,Brandie,0.000254,girl
236461,1987,Lynn,0.000253,girl
236462,1987,Lesley,0.000251,girl
236463,1987,Eileen,0.000251,girl
236464,1987,Jazmin,0.000251,girl
236465,1987,Celeste,0.000249,girl
236466,1987,Jennie,0.000248,girl
236467,1987,Joanne,0.000248,girl
236468,1987,Chanel,0.000248,girl
236469,1987,Belinda,0.000247,girl
236470,1987,Norma,0.000247,girl
236471,1987,Natalia,0.000247,girl
236472,1987,Shirley,0.000244,girl
236473,1987,Kassandra,0.000243,girl
236474,1987,Beverly,0.000243,girl
236475,1987,Juliana,0.000243,girl
236476,1987,Rosemary,0.000243,girl
236477,1987,Angie,0.000241,girl
236478,1987,Elisha,0.00024,girl
236479,1987,Serena,0.000239,girl
236480,1987,Tiffani,0.000239,girl
236481,1987,Jenifer,0.000239,girl
236482,1987,Laurel,0.000239,girl
236483,1987,Audra,0.000238,girl
236484,1987,Octavia,0.000238,girl
236485,1987,Jayme,0.000237,girl
236486,1987,Marina,0.000237,girl
236487,1987,Blair,0.000236,girl
236488,1987,Darlene,0.000236,girl
236489,1987,Janae,0.000236,girl
236490,1987,Alaina,0.000235,girl
236491,1987,Trista,0.000235,girl
236492,1987,Amie,0.000234,girl
236493,1987,Devin,0.000234,girl
236494,1987,Genevieve,0.000234,girl
236495,1987,Mariah,0.000233,girl
236496,1987,Betty,0.000232,girl
236497,1987,Josephine,0.000232,girl
236498,1987,Iris,0.000231,girl
236499,1987,Precious,0.000228,girl
236500,1987,Mercedes,0.000227,girl
236501,1987,Vivian,0.000226,girl
236502,1987,Bobbie,0.000226,girl
236503,1987,Kacie,0.000225,girl
236504,1987,Maegan,0.000224,girl
236505,1987,Shantel,0.000224,girl
236506,1987,Devon,0.000223,girl
236507,1987,Lena,0.000223,girl
236508,1987,Tania,0.000223,girl
236509,1987,Simone,0.000221,girl
236510,1987,Judy,0.000219,girl
236511,1987,Blanca,0.000218,girl
236512,1987,Corinne,0.000217,girl
236513,1987,Betsy,0.000216,girl
236514,1987,Tiana,0.000215,girl
236515,1987,Karissa,0.000215,girl
236516,1987,Clara,0.000214,girl
236517,1987,Leann,0.000214,girl
236518,1987,Savanna,0.000214,girl
236519,1987,Mollie,0.000212,girl
236520,1987,Cassidy,0.000211,girl
236521,1987,Asia,0.000208,girl
236522,1987,Cristal,0.000208,girl
236523,1987,Hollie,0.000208,girl
236524,1987,Stephany,0.000208,girl
236525,1987,Sadie,0.000208,girl
236526,1987,Liliana,0.000206,girl
236527,1987,Alysha,0.000205,girl
236528,1987,Christopher,0.000203,girl
236529,1987,Kala,0.000203,girl
236530,1987,Aisha,0.000202,girl
236531,1987,Susana,0.000202,girl
236532,1987,Becky,0.000201,girl
236533,1987,Jean,0.000201,girl
236534,1987,Christen,0.000201,girl
236535,1987,Dianna,0.0002,girl
236536,1987,Hanna,0.0002,girl
236537,1987,Chrystal,0.0002,girl
236538,1987,Lorraine,0.0002,girl
236539,1987,Maritza,0.0002,girl
236540,1987,Sherri,0.000199,girl
236541,1987,Bobbi,0.000198,girl
236542,1987,Ivy,0.000198,girl
236543,1987,Christin,0.000197,girl
236544,1987,Margarita,0.000196,girl
236545,1987,Daniella,0.000196,girl
236546,1987,Deidre,0.000196,girl
236547,1987,Arlene,0.000195,girl
236548,1987,Chandra,0.000195,girl
236549,1987,Terra,0.000195,girl
236550,1987,Alyse,0.000194,girl
236551,1987,Breanne,0.000194,girl
236552,1987,Lacie,0.000194,girl
236553,1987,Marquita,0.000194,girl
236554,1987,Alecia,0.000193,girl
236555,1987,Alycia,0.000192,girl
236556,1987,Gretchen,0.000192,girl
236557,1987,Dayna,0.000192,girl
236558,1987,Talia,0.000192,girl
236559,1987,Brittni,0.00019,girl
236560,1987,Joann,0.00019,girl
236561,1987,Lea,0.00019,girl
236562,1987,Adrian,0.00019,girl
236563,1987,Jolene,0.00019,girl
236564,1987,Justina,0.00019,girl
236565,1987,Kristal,0.00019,girl
236566,1987,Lora,0.000187,girl
236567,1987,Mandi,0.000187,girl
236568,1987,Racheal,0.000186,girl
236569,1987,Raven,0.000186,girl
236570,1987,Casandra,0.000185,girl
236571,1987,Desirae,0.000185,girl
236572,1987,Luz,0.000185,girl
236573,1987,Kali,0.000185,girl
236574,1987,Kelsie,0.000184,girl
236575,1987,Janine,0.000184,girl
236576,1987,Antonia,0.000183,girl
236577,1987,Gabriella,0.000183,girl
236578,1987,Jeannette,0.000183,girl
236579,1987,Arielle,0.000182,girl
236580,1987,Chantal,0.000182,girl
236581,1987,Latonya,0.000182,girl
236582,1987,Stevie,0.000182,girl
236583,1987,Janna,0.000182,girl
236584,1987,Tameka,0.00018,girl
236585,1987,Lyndsay,0.00018,girl
236586,1987,Noel,0.00018,girl
236587,1987,Tiffanie,0.000178,girl
236588,1987,Leanna,0.000177,girl
236589,1987,Channing,0.000176,girl
236590,1987,Corey,0.000176,girl
236591,1987,Lucia,0.000176,girl
236592,1987,Ayla,0.000176,girl
236593,1987,Celia,0.000176,girl
236594,1987,Jazmine,0.000176,girl
236595,1987,Abbey,0.000175,girl
236596,1987,Cherie,0.000175,girl
236597,1987,Rocio,0.000175,girl
236598,1987,Teri,0.000175,girl
236599,1987,Kacey,0.000174,girl
236600,1987,Lana,0.000173,girl
236601,1987,Nadine,0.000173,girl
236602,1987,Jesse,0.000172,girl
236603,1987,Lynette,0.000172,girl
236604,1987,Cori,0.000172,girl
236605,1987,Kyle,0.000171,girl
236606,1987,Jerrica,0.00017,girl
236607,1987,Kaila,0.00017,girl
236608,1987,Gwendolyn,0.000169,girl
236609,1987,Adrianne,0.000169,girl
236610,1987,Angelique,0.000169,girl
236611,1987,Britni,0.000168,girl
236612,1987,Paris,0.000168,girl
236613,1987,Edith,0.000168,girl
236614,1987,Ashli,0.000167,girl
236615,1987,Roxana,0.000167,girl
236616,1987,Sofia,0.000167,girl
236617,1987,Dina,0.000167,girl
236618,1987,Maricela,0.000167,girl
236619,1987,Janette,0.000166,girl
236620,1987,Lashonda,0.000166,girl
236621,1987,Marisela,0.000166,girl
236622,1987,Krysta,0.000164,girl
236623,1987,Sheri,0.000164,girl
236624,1987,Kristyn,0.000164,girl
236625,1987,Lily,0.000164,girl
236626,1987,Marianne,0.000163,girl
236627,1987,Mckenzie,0.000162,girl
236628,1987,Elissa,0.000162,girl
236629,1987,Rosanna,0.000162,girl
236630,1987,Sonja,0.000162,girl
236631,1987,Adrianna,0.000161,girl
236632,1987,Shari,0.000161,girl
236633,1987,Roxanna,0.000161,girl
236634,1987,Alysia,0.00016,girl
236635,1987,Tracie,0.000159,girl
236636,1987,Melisa,0.000159,girl
236637,1987,Maranda,0.000158,girl
236638,1987,Shanika,0.000158,girl
236639,1987,Eliza,0.000157,girl
236640,1987,Kassie,0.000157,girl
236641,1987,Katlyn,0.000157,girl
236642,1987,Kourtney,0.000156,girl
236643,1987,Bernadette,0.000156,girl
236644,1987,Kimberley,0.000156,girl
236645,1987,Myra,0.000156,girl
236646,1987,Domonique,0.000155,girl
236647,1987,Kaleigh,0.000155,girl
236648,1987,Cayla,0.000155,girl
236649,1987,Phylicia,0.000155,girl
236650,1987,Eleanor,0.000154,girl
236651,1987,Latrice,0.000154,girl
236652,1987,Matthew,0.000154,girl
236653,1987,Shante,0.000154,girl
236654,1987,Joelle,0.000153,girl
236655,1987,Kaci,0.000153,girl
236656,1987,Laci,0.000153,girl
236657,1987,Alanna,0.000153,girl
236658,1987,Marcia,0.000152,girl
236659,1987,Maya,0.000152,girl
236660,1987,Billie,0.000152,girl
236661,1987,Julianna,0.000151,girl
236662,1987,Cheyenne,0.00015,girl
236663,1987,Jody,0.00015,girl
236664,1987,Janel,0.00015,girl
236665,1987,Joan,0.000149,girl
236666,1987,Kim,0.000149,girl
236667,1987,Kylee,0.000149,girl
236668,1987,Jessika,0.000148,girl
236669,1987,Lakeshia,0.000148,girl
236670,1987,Emilie,0.000148,girl
236671,1987,Kimberlee,0.000148,girl
236672,1987,Corina,0.000147,girl
236673,1987,Britany,0.000146,girl
236674,1987,Kaley,0.000146,girl
236675,1987,Cari,0.000146,girl
236676,1987,Brittanie,0.000145,girl
236677,1987,Jodie,0.000145,girl
236678,1987,Joshua,0.000145,girl
236679,1987,Deidra,0.000145,girl
236680,1987,Felisha,0.000145,girl
236681,1987,Leeann,0.000145,girl
236682,1987,Maura,0.000145,girl
236683,1987,Lakisha,0.000144,girl
236684,1987,Allie,0.000144,girl
236685,1987,Debbie,0.000144,girl
236686,1987,Loretta,0.000144,girl
236687,1987,Mara,0.000144,girl
236688,1987,Fatima,0.000143,girl
236689,1987,Janie,0.000143,girl
236690,1987,Dominque,0.000142,girl
236691,1987,Alesha,0.000142,girl
236692,1987,Gillian,0.000141,girl
236693,1987,Giselle,0.000141,girl
236694,1987,Daniel,0.00014,girl
236695,1987,Maryann,0.00014,girl
236696,1987,Silvia,0.00014,girl
236697,1987,Rhiannon,0.00014,girl
236698,1987,Georgia,0.000139,girl
236699,1987,Roberta,0.000139,girl
236700,1987,Chantelle,0.000139,girl
236701,1987,Diamond,0.000139,girl
236702,1987,Yasmin,0.000139,girl
236703,1987,Araceli,0.000138,girl
236704,1987,Kandice,0.000138,girl
236705,1987,Ali,0.000138,girl
236706,1987,Beatriz,0.000138,girl
236707,1987,Cameron,0.000138,girl
236708,1987,Katelin,0.000138,girl
236709,1987,Martina,0.000138,girl
236710,1987,Nicolette,0.000138,girl
236711,1987,Chiquita,0.000137,girl
236712,1987,Shamika,0.000137,girl
236713,1987,Fallon,0.000136,girl
236714,1987,Kristian,0.000136,girl
236715,1987,Justin,0.000135,girl
236716,1987,Lizette,0.000135,girl
236717,1987,David,0.000135,girl
236718,1987,Kenya,0.000135,girl
236719,1987,Tyler,0.000135,girl
236720,1987,Aurora,0.000134,girl
236721,1987,Loren,0.000134,girl
236722,1987,Marjorie,0.000134,girl
236723,1987,Clare,0.000133,girl
236724,1987,Marsha,0.000133,girl
236725,1987,Monika,0.000133,girl
236726,1987,Noemi,0.000133,girl
236727,1987,Yessenia,0.000133,girl
236728,1987,Christi,0.000132,girl
236729,1987,Eboni,0.000132,girl
236730,1987,Selina,0.000132,girl
236731,1987,Zoe,0.000132,girl
236732,1987,Cathy,0.000131,girl
236733,1987,Holli,0.000131,girl
236734,1987,James,0.000131,girl
236735,1987,Selena,0.000131,girl
236736,1987,Janell,0.000131,girl
236737,1987,Susanna,0.000131,girl
236738,1987,Carina,0.00013,girl
236739,1987,Joni,0.00013,girl
236740,1987,Kandace,0.00013,girl
236741,1987,Katelynn,0.00013,girl
236742,1987,Cherish,0.00013,girl
236743,1987,Kyra,0.00013,girl
236744,1987,Viviana,0.00013,girl
236745,1987,Lee,0.000129,girl
236746,1987,Porsha,0.000128,girl
236747,1987,Skye,0.000128,girl
236748,1987,Dara,0.000128,girl
236749,1987,Marla,0.000128,girl
236750,1987,Princess,0.000128,girl
236751,1987,Tosha,0.000128,girl
236752,1987,Brittaney,0.000127,girl
236753,1987,Daphne,0.000127,girl
236754,1987,Emilee,0.000127,girl
236755,1987,Jesica,0.000127,girl
236756,1987,Marcella,0.000127,girl
236757,1987,Tera,0.000127,girl
236758,1987,Kati,0.000127,girl
236759,1987,Sophie,0.000127,girl
236760,1987,Andria,0.000126,girl
236761,1987,Dena,0.000126,girl
236762,1987,Gladys,0.000126,girl
236763,1987,Ginger,0.000125,girl
236764,1987,Jeannie,0.000125,girl
236765,1987,Lakesha,0.000125,girl
236766,1987,Portia,0.000125,girl
236767,1987,Liza,0.000125,girl
236768,1987,Kathrine,0.000124,girl
236769,1987,Peggy,0.000124,girl
236770,1987,Trina,0.000124,girl
236771,1987,Nathalie,0.000123,girl
236772,1987,Shameka,0.000123,girl
236773,1987,Casie,0.000122,girl
236774,1987,Shea,0.000122,girl
236775,1987,Abbie,0.000122,girl
236776,1987,Olga,0.000122,girl
236777,1987,Cody,0.000121,girl
236778,1987,Doris,0.000121,girl
236779,1987,Ingrid,0.000121,girl
236780,1987,Lynsey,0.000121,girl
236781,1987,Rikki,0.000121,girl
236782,1987,Santana,0.000121,girl
236783,1987,Celina,0.000121,girl
236784,1987,Kelsi,0.000121,girl
236785,1987,Bridgett,0.00012,girl
236786,1987,Kori,0.00012,girl
236787,1987,Nikole,0.00012,girl
236788,1987,Andrew,0.000119,girl
236789,1987,Irma,0.000119,girl
236790,1987,Carley,0.000119,girl
236791,1987,Alexia,0.000118,girl
236792,1987,Cheri,0.000118,girl
236793,1987,Nakita,0.000118,girl
236794,1987,Ashlyn,0.000117,girl
236795,1987,Candy,0.000117,girl
236796,1987,Catrina,0.000117,girl
236797,1987,Mariana,0.000117,girl
236798,1987,Yadira,0.000117,girl
236799,1987,Robert,0.000117,girl
236800,1987,Delilah,0.000116,girl
236801,1987,Malorie,0.000116,girl
236802,1987,Wanda,0.000116,girl
236803,1987,Aileen,0.000116,girl
236804,1987,Alexander,0.000116,girl
236805,1987,Brandon,0.000116,girl
236806,1987,Deana,0.000116,girl
236807,1987,Jeanne,0.000116,girl
236808,1987,Joseph,0.000116,girl
236809,1987,Madeleine,0.000116,girl
236810,1987,Kasie,0.000115,girl
236811,1987,Marlena,0.000115,girl
236812,1987,Perla,0.000115,girl
236813,1987,Reyna,0.000115,girl
236814,1987,Leila,0.000114,girl
236815,1987,Linsey,0.000114,girl
236816,1987,Richelle,0.000114,girl
236817,1987,Anthony,0.000114,girl
236818,1987,Pauline,0.000114,girl
236819,1987,Stefani,0.000114,girl
236820,1987,Janessa,0.000113,girl
236821,1987,Mallorie,0.000113,girl
236822,1987,Mattie,0.000113,girl
236823,1987,Alex,0.000113,girl
236824,1987,Cecelia,0.000113,girl
236825,1987,Deirdre,0.000113,girl
236826,1987,Eliana,0.000113,girl
236827,1987,Jerica,0.000113,girl
236828,1987,Kiley,0.000113,girl
236829,1987,Beatrice,0.000112,girl
236830,1987,Cory,0.000112,girl
236831,1987,Danyelle,0.000112,girl
236832,1987,Hallie,0.000112,girl
236833,1987,Ramona,0.000112,girl
236834,1987,Malinda,0.000112,girl
236835,1987,Shanda,0.000112,girl
236836,1987,Dannielle,0.000111,girl
236837,1987,Dora,0.000111,girl
236838,1987,Tanesha,0.000111,girl
236839,1987,Valarie,0.000111,girl
236840,1987,Sharonda,0.000111,girl
236841,1987,Valencia,0.000111,girl
236842,1987,Christal,0.00011,girl
236843,1987,Valeria,0.00011,girl
236844,1987,Laquita,0.000109,girl
236845,1987,Darcy,0.000109,girl
236846,1987,Alina,0.000108,girl
236847,1987,Jessi,0.000108,girl
236848,1987,Athena,0.000108,girl
236849,1987,Danelle,0.000108,girl
236850,1987,Josie,0.000107,girl
236851,1987,Maira,0.000107,girl
236852,1987,Ashlea,0.000107,girl
236853,1987,Eden,0.000107,girl
236854,1987,Shawn,0.000107,girl
236855,1987,Vicky,0.000107,girl
236856,1987,Candis,0.000106,girl
236857,1987,Latosha,0.000106,girl
236858,1987,Samatha,0.000106,girl
236859,1987,Delia,0.000106,girl
236860,1987,Jenelle,0.000106,girl
236861,1987,Arianna,0.000105,girl
236862,1987,Magen,0.000105,girl
236863,1987,Tiera,0.000105,girl
236864,1987,John,0.000105,girl
236865,1987,Kia,0.000105,girl
236866,1987,Kirstin,0.000105,girl
236867,1987,Lissette,0.000105,girl
236868,1987,Mariel,0.000105,girl
236869,1987,Shantell,0.000105,girl
236870,1987,Tarah,0.000105,girl
236871,1987,Caryn,0.000104,girl
236872,1987,Cora,0.000104,girl
236873,1987,Jeanna,0.000104,girl
236874,1987,Karin,0.000104,girl
236875,1987,Venessa,0.000104,girl
236876,1987,Chana,0.000104,girl
236877,1987,Griselda,0.000103,girl
236878,1987,Krysten,0.000103,girl
236879,1987,Ladonna,0.000103,girl
236880,1987,Shanta,0.000103,girl
236881,1987,Dolores,0.000103,girl
236882,1987,Kristan,0.000103,girl
236883,1987,Tamra,0.000103,girl
236884,1987,Edna,0.000102,girl
236885,1987,Jamila,0.000102,girl
236886,1987,Paola,0.000102,girl
236887,1987,Demetria,0.000101,girl
236888,1987,Micaela,0.000101,girl
236889,1987,Krystin,0.000101,girl
236890,1987,Micah,0.000101,girl
236891,1987,Annmarie,0.0001,girl
236892,1987,Elaina,0.0001,girl
236893,1987,Geneva,0.0001,girl
236894,1987,Iesha,0.0001,girl
236895,1987,Nakia,0.0001,girl
236896,1987,Vicki,0.0001,girl
236897,1987,Jesenia,9.9e-05,girl
236898,1987,Meghann,9.9e-05,girl
236899,1987,Kasandra,9.9e-05,girl
236900,1987,Leandra,9.9e-05,girl
236901,1987,Sheree,9.9e-05,girl
236902,1987,Charmaine,9.8e-05,girl
236903,1987,Rena,9.8e-05,girl
236904,1987,Shakira,9.8e-05,girl
236905,1987,Tess,9.8e-05,girl
236906,1987,Felecia,9.8e-05,girl
236907,1987,Glenda,9.8e-05,girl
236908,1987,Liana,9.8e-05,girl
236909,1987,Rosemarie,9.8e-05,girl
236910,1987,Siobhan,9.8e-05,girl
236911,1987,Antionette,9.7e-05,girl
236912,1987,Kaela,9.7e-05,girl
236913,1987,Rene,9.7e-05,girl
236914,1987,Farrah,9.7e-05,girl
236915,1987,Karli,9.7e-05,girl
236916,1987,Madelyn,9.7e-05,girl
236917,1987,Porsche,9.7e-05,girl
236918,1987,Breann,9.6e-05,girl
236919,1987,Eunice,9.6e-05,girl
236920,1987,Kalyn,9.6e-05,girl
236921,1987,Katheryn,9.6e-05,girl
236922,1987,Lisette,9.6e-05,girl
236923,1987,Chanelle,9.6e-05,girl
236924,1987,Karly,9.6e-05,girl
236925,1987,Jonathan,9.5e-05,girl
236926,1987,Marian,9.5e-05,girl
236927,1987,Alessandra,9.5e-05,girl
236928,1987,Lakendra,9.5e-05,girl
236929,1987,Lauryn,9.5e-05,girl
236930,1987,Renae,9.5e-05,girl
236931,1987,Terry,9.5e-05,girl
236932,1987,Marcy,9.4e-05,girl
236933,1987,Sherrie,9.4e-05,girl
236934,1987,Damaris,9.3e-05,girl
236935,1987,Juana,9.3e-05,girl
236936,1987,Kacy,9.3e-05,girl
236937,1987,Kaycee,9.3e-05,girl
236938,1987,Sheryl,9.3e-05,girl
236939,1987,Lia,9.3e-05,girl
236940,1987,Tami,9.3e-05,girl
236941,1987,Tenisha,9.3e-05,girl
236942,1987,Tyesha,9.3e-05,girl
236943,1987,Ava,9.2e-05,girl
236944,1987,Jada,9.2e-05,girl
236945,1987,Chastity,9.2e-05,girl
236946,1987,Cassondra,9.1e-05,girl
236947,1987,Elsa,9.1e-05,girl
236948,1987,Penny,9.1e-05,girl
236949,1987,Stephenie,9.1e-05,girl
236950,1987,Ami,9e-05,girl
236951,1987,Georgina,9e-05,girl
236952,1987,Kailey,9e-05,girl
236953,1987,Louise,9e-05,girl
236954,1987,Lynda,9e-05,girl
236955,1987,Magdalena,9e-05,girl
236956,1987,Denisse,9e-05,girl
236957,1987,William,9e-05,girl
236958,1987,Annamarie,8.9e-05,girl
236959,1987,Jessenia,8.9e-05,girl
236960,1987,Francis,8.9e-05,girl
236961,1987,Helena,8.9e-05,girl
236962,1987,Shanae,8.9e-05,girl
236963,1987,Anjelica,8.8e-05,girl
236964,1987,Jeana,8.8e-05,girl
236965,1987,Rebeca,8.8e-05,girl
236966,1987,Sarai,8.8e-05,girl
236967,1987,Shanita,8.8e-05,girl
236968,1987,Danica,8.7e-05,girl
236969,1987,Davina,8.7e-05,girl
236970,1987,Gabriel,8.7e-05,girl
236971,1987,Jeanine,8.7e-05,girl
236972,1987,Lucinda,8.7e-05,girl
236973,1987,Brigitte,8.7e-05,girl
236974,1987,Cathleen,8.7e-05,girl
236975,1987,Francine,8.7e-05,girl
236976,1987,Jaqueline,8.7e-05,girl
236977,1987,Shanell,8.7e-05,girl
236978,1987,Stella,8.7e-05,girl
236979,1987,Mari,8.6e-05,girl
236980,1987,Tianna,8.6e-05,girl
236981,1987,Kami,8.5e-05,girl
236982,1987,Kaylin,8.5e-05,girl
236983,1987,Kaylyn,8.5e-05,girl
236984,1987,Nicholas,8.5e-05,girl
236985,1987,Racquel,8.5e-05,girl
236986,1987,Denisha,8.5e-05,girl
236987,1987,Graciela,8.5e-05,girl
236988,1987,Johnna,8.5e-05,girl
236989,1987,Luisa,8.5e-05,girl
236990,1987,Natosha,8.5e-05,girl
236991,1987,Stephani,8.5e-05,girl
236992,1987,Aja,8.4e-05,girl
236993,1987,Brook,8.4e-05,girl
236994,1987,Eric,8.4e-05,girl
236995,1987,Kaylie,8.4e-05,girl
236996,1987,Angeline,8.4e-05,girl
236997,1987,Magan,8.4e-05,girl
236998,1987,Maxine,8.4e-05,girl
236999,1987,Danae,8.3e-05,girl
237000,1988,Jessica,0.02681,girl
237001,1988,Ashley,0.026005,girl
237002,1988,Amanda,0.020529,girl
237003,1988,Sarah,0.014751,girl
237004,1988,Jennifer,0.014511,girl
237005,1988,Brittany,0.013953,girl
237006,1988,Stephanie,0.011885,girl
237007,1988,Samantha,0.010768,girl
237008,1988,Nicole,0.010568,girl
237009,1988,Elizabeth,0.010421,girl
237010,1988,Lauren,0.010215,girl
237011,1988,Megan,0.009659,girl
237012,1988,Tiffany,0.009558,girl
237013,1988,Heather,0.009385,girl
237014,1988,Amber,0.008677,girl
237015,1988,Melissa,0.008609,girl
237016,1988,Danielle,0.008457,girl
237017,1988,Emily,0.008253,girl
237018,1988,Rachel,0.007982,girl
237019,1988,Kayla,0.00699,girl
237020,1988,Michelle,0.006934,girl
237021,1988,Christina,0.006739,girl
237022,1988,Laura,0.006303,girl
237023,1988,Courtney,0.00627,girl
237024,1988,Kimberly,0.006216,girl
237025,1988,Rebecca,0.006173,girl
237026,1988,Katherine,0.005801,girl
237027,1988,Crystal,0.005256,girl
237028,1988,Amy,0.00522,girl
237029,1988,Sara,0.005208,girl
237030,1988,Erica,0.004992,girl
237031,1988,Kelly,0.004638,girl
237032,1988,Chelsea,0.004623,girl
237033,1988,Mary,0.004424,girl
237034,1988,Andrea,0.004368,girl
237035,1988,Kristen,0.004362,girl
237036,1988,Erin,0.004301,girl
237037,1988,Angela,0.004114,girl
237038,1988,Whitney,0.004084,girl
237039,1988,Katie,0.004031,girl
237040,1988,Vanessa,0.003911,girl
237041,1988,Victoria,0.003788,girl
237042,1988,Lisa,0.003781,girl
237043,1988,Caitlin,0.003769,girl
237044,1988,Jamie,0.003739,girl
237045,1988,Allison,0.003715,girl
237046,1988,Alyssa,0.003714,girl
237047,1988,Lindsey,0.003641,girl
237048,1988,Alexandra,0.003624,girl
237049,1988,Alicia,0.003487,girl
237050,1988,Christine,0.003438,girl
237051,1988,Brittney,0.003424,girl
237052,1988,Jasmine,0.003352,girl
237053,1988,Anna,0.003341,girl
237054,1988,Kathryn,0.003299,girl
237055,1988,Shannon,0.003252,girl
237056,1988,Lindsay,0.003135,girl
237057,1988,Kristin,0.00313,girl
237058,1988,Cassandra,0.002976,girl
237059,1988,Maria,0.002963,girl
237060,1988,Jacqueline,0.002892,girl
237061,1988,Hannah,0.002891,girl
237062,1988,Natalie,0.002851,girl
237063,1988,Kelsey,0.002835,girl
237064,1988,April,0.00252,girl
237065,1988,Tara,0.002398,girl
237066,1988,Jenna,0.002398,girl
237067,1988,Kristina,0.00238,girl
237068,1988,Catherine,0.002343,girl
237069,1988,Monica,0.002322,girl
237070,1988,Julie,0.00232,girl
237071,1988,Holly,0.002194,girl
237072,1988,Natasha,0.002098,girl
237073,1988,Krystal,0.002091,girl
237074,1988,Kathleen,0.002044,girl
237075,1988,Erika,0.002021,girl
237076,1988,Patricia,0.001976,girl
237077,1988,Morgan,0.001974,girl
237078,1988,Cynthia,0.001967,girl
237079,1988,Kendra,0.001958,girl
237080,1988,Meghan,0.001876,girl
237081,1988,Leah,0.001851,girl
237082,1988,Veronica,0.001835,girl
237083,1988,Katelyn,0.001827,girl
237084,1988,Diana,0.001813,girl
237085,1988,Molly,0.0018,girl
237086,1988,Brooke,0.001775,girl
237087,1988,Julia,0.001746,girl
237088,1988,Bethany,0.001701,girl
237089,1988,Dana,0.00166,girl
237090,1988,Brandi,0.001649,girl
237091,1988,Casey,0.001638,girl
237092,1988,Margaret,0.001633,girl
237093,1988,Leslie,0.001601,girl
237094,1988,Kara,0.001583,girl
237095,1988,Brianna,0.001541,girl
237096,1988,Alexis,0.001509,girl
237097,1988,Kaitlin,0.001478,girl
237098,1988,Rachael,0.001472,girl
237099,1988,Melanie,0.001471,girl
237100,1988,Marissa,0.001461,girl
237101,1988,Taylor,0.001455,girl
237102,1988,Valerie,0.00144,girl
237103,1988,Jillian,0.001429,girl
237104,1988,Felicia,0.001405,girl
237105,1988,Brandy,0.001398,girl
237106,1988,Kaitlyn,0.001397,girl
237107,1988,Bianca,0.001371,girl
237108,1988,Angelica,0.001361,girl
237109,1988,Katrina,0.001341,girl
237110,1988,Krista,0.001336,girl
237111,1988,Karen,0.001335,girl
237112,1988,Alison,0.00132,girl
237113,1988,Nichole,0.001301,girl
237114,1988,Jaclyn,0.0013,girl
237115,1988,Sabrina,0.001268,girl
237116,1988,Candace,0.001258,girl
237117,1988,Abigail,0.001234,girl
237118,1988,Stacey,0.001233,girl
237119,1988,Mallory,0.001232,girl
237120,1988,Nancy,0.001217,girl
237121,1988,Caroline,0.001207,girl
237122,1988,Brenda,0.001188,girl
237123,1988,Alexandria,0.001184,girl
237124,1988,Alisha,0.001181,girl
237125,1988,Stacy,0.00118,girl
237126,1988,Desiree,0.001179,girl
237127,1988,Sandra,0.001175,girl
237128,1988,Lacey,0.001168,girl
237129,1988,Candice,0.001157,girl
237130,1988,Carrie,0.001147,girl
237131,1988,Joanna,0.001145,girl
237132,1988,Ashlee,0.001119,girl
237133,1988,Olivia,0.001111,girl
237134,1988,Jordan,0.001108,girl
237135,1988,Monique,0.001108,girl
237136,1988,Gabrielle,0.00109,girl
237137,1988,Britney,0.001084,girl
237138,1988,Denise,0.001074,girl
237139,1988,Susan,0.001072,girl
237140,1988,Meagan,0.001068,girl
237141,1988,Gina,0.001054,girl
237142,1988,Haley,0.001043,girl
237143,1988,Miranda,0.001028,girl
237144,1988,Dominique,0.000991,girl
237145,1988,Renee,0.000983,girl
237146,1988,Sasha,0.000982,girl
237147,1988,Chelsey,0.000978,girl
237148,1988,Melinda,0.000978,girl
237149,1988,Kelli,0.000969,girl
237150,1988,Paige,0.000968,girl
237151,1988,Meredith,0.000964,girl
237152,1988,Anne,0.000962,girl
237153,1988,Tabitha,0.000962,girl
237154,1988,Linda,0.00096,girl
237155,1988,Latoya,0.000942,girl
237156,1988,Priscilla,0.000941,girl
237157,1988,Briana,0.000939,girl
237158,1988,Carolyn,0.000938,girl
237159,1988,Emma,0.000927,girl
237160,1988,Robin,0.000918,girl
237161,1988,Heidi,0.000909,girl
237162,1988,Deanna,0.000904,girl
237163,1988,Ebony,0.000897,girl
237164,1988,Grace,0.000888,girl
237165,1988,Angel,0.000888,girl
237166,1988,Colleen,0.000886,girl
237167,1988,Rebekah,0.000882,girl
237168,1988,Autumn,0.000866,girl
237169,1988,Theresa,0.000863,girl
237170,1988,Ana,0.000862,girl
237171,1988,Teresa,0.00085,girl
237172,1988,Tracy,0.00085,girl
237173,1988,Tina,0.000835,girl
237174,1988,Cassie,0.000832,girl
237175,1988,Carly,0.00083,girl
237176,1988,Justine,0.000828,girl
237177,1988,Bridget,0.000816,girl
237178,1988,Cindy,0.00081,girl
237179,1988,Audrey,0.000809,girl
237180,1988,Sierra,0.000806,girl
237181,1988,Jacquelyn,0.000799,girl
237182,1988,Tamara,0.000796,girl
237183,1988,Pamela,0.000787,girl
237184,1988,Tanya,0.000783,girl
237185,1988,Barbara,0.000781,girl
237186,1988,Kari,0.000779,girl
237187,1988,Cristina,0.000771,girl
237188,1988,Adriana,0.000751,girl
237189,1988,Claire,0.000751,girl
237190,1988,Mayra,0.000746,girl
237191,1988,Marie,0.000745,girl
237192,1988,Adrienne,0.000742,girl
237193,1988,Misty,0.000733,girl
237194,1988,Jenny,0.000729,girl
237195,1988,Kristine,0.000716,girl
237196,1988,Jill,0.000694,girl
237197,1988,Ashleigh,0.000683,girl
237198,1988,Savannah,0.000683,girl
237199,1988,Tasha,0.00068,girl
237200,1988,Kasey,0.000674,girl
237201,1988,Wendy,0.000673,girl
237202,1988,Virginia,0.000673,girl
237203,1988,Karina,0.00067,girl
237204,1988,Kristy,0.000666,girl
237205,1988,Michele,0.000661,girl
237206,1988,Claudia,0.000659,girl
237207,1988,Cara,0.000658,girl
237208,1988,Janelle,0.000649,girl
237209,1988,Breanna,0.000647,girl
237210,1988,Kristi,0.000642,girl
237211,1988,Nina,0.000637,girl
237212,1988,Abby,0.000636,girl
237213,1988,Kirsten,0.000636,girl
237214,1988,Yesenia,0.000627,girl
237215,1988,Tiara,0.000625,girl
237216,1988,Sharon,0.000622,girl
237217,1988,Roxanne,0.00062,girl
237218,1988,Ellen,0.000617,girl
237219,1988,Janet,0.000614,girl
237220,1988,Caitlyn,0.00061,girl
237221,1988,Ann,0.000609,girl
237222,1988,Carmen,0.000607,girl
237223,1988,Daisy,0.000607,girl
237224,1988,Lydia,0.000605,girl
237225,1988,Sophia,0.000605,girl
237226,1988,Jessie,0.000603,girl
237227,1988,Stefanie,0.000601,girl
237228,1988,Raquel,0.0006,girl
237229,1988,Kate,0.000598,girl
237230,1988,Martha,0.000589,girl
237231,1988,Christy,0.000588,girl
237232,1988,Amelia,0.000587,girl
237233,1988,Kelley,0.000585,girl
237234,1988,Kellie,0.000585,girl
237235,1988,Evelyn,0.000584,girl
237236,1988,Toni,0.000582,girl
237237,1988,Jocelyn,0.000573,girl
237238,1988,Shawna,0.000573,girl
237239,1988,Elise,0.000569,girl
237240,1988,Carla,0.000566,girl
237241,1988,Lori,0.000566,girl
237242,1988,Latasha,0.000565,girl
237243,1988,Aimee,0.000564,girl
237244,1988,Hillary,0.000564,girl
237245,1988,Trisha,0.000555,girl
237246,1988,Regina,0.000553,girl
237247,1988,Dawn,0.000553,girl
237248,1988,Marisa,0.000552,girl
237249,1988,Deborah,0.00055,girl
237250,1988,Donna,0.000541,girl
237251,1988,Nikki,0.000532,girl
237252,1988,Allyson,0.000527,girl
237253,1988,Tonya,0.000522,girl
237254,1988,Naomi,0.000519,girl
237255,1988,Ruth,0.000518,girl
237256,1988,Gabriela,0.000516,girl
237257,1988,Summer,0.000513,girl
237258,1988,Robyn,0.000511,girl
237259,1988,Randi,0.000508,girl
237260,1988,Hilary,0.000508,girl
237261,1988,Jeanette,0.000508,girl
237262,1988,Rosa,0.000507,girl
237263,1988,Krystle,0.000501,girl
237264,1988,Cortney,0.000496,girl
237265,1988,Jaime,0.000495,girl
237266,1988,Shana,0.000491,girl
237267,1988,Bailey,0.00049,girl
237268,1988,Destiny,0.000489,girl
237269,1988,Gloria,0.000488,girl
237270,1988,Shanice,0.000487,girl
237271,1988,Christa,0.000482,girl
237272,1988,Alexa,0.000477,girl
237273,1988,Madeline,0.000476,girl
237274,1988,Sydney,0.000475,girl
237275,1988,Ariel,0.000474,girl
237276,1988,Esther,0.000471,girl
237277,1988,Rachelle,0.000471,girl
237278,1988,Suzanne,0.000465,girl
237279,1988,Maggie,0.000463,girl
237280,1988,Cheryl,0.000462,girl
237281,1988,Jasmin,0.000462,girl
237282,1988,Melody,0.00046,girl
237283,1988,Shelby,0.00046,girl
237284,1988,Brittani,0.000452,girl
237285,1988,Beth,0.000449,girl
237286,1988,Rose,0.000449,girl
237287,1988,Karla,0.000449,girl
237288,1988,Charlotte,0.000446,girl
237289,1988,Sheena,0.000445,girl
237290,1988,Sylvia,0.000445,girl
237291,1988,Jade,0.000444,girl
237292,1988,Carissa,0.000436,girl
237293,1988,Joy,0.000435,girl
237294,1988,Kylie,0.000435,girl
237295,1988,Aubrey,0.000435,girl
237296,1988,Keri,0.000433,girl
237297,1988,Bonnie,0.000431,girl
237298,1988,Hope,0.000428,girl
237299,1988,Madison,0.000427,girl
237300,1988,Mindy,0.000427,girl
237301,1988,Alice,0.000426,girl
237302,1988,Diane,0.000426,girl
237303,1988,Paula,0.000422,girl
237304,1988,Chelsie,0.000422,girl
237305,1988,Angelina,0.000421,girl
237306,1988,Frances,0.00042,girl
237307,1988,Camille,0.000419,girl
237308,1988,Hayley,0.000416,girl
237309,1988,Yolanda,0.000415,girl
237310,1988,Simone,0.000415,girl
237311,1988,Mandy,0.000414,girl
237312,1988,Kaylee,0.000413,girl
237313,1988,Elyse,0.000411,girl
237314,1988,Yvette,0.000411,girl
237315,1988,Anastasia,0.000407,girl
237316,1988,Sonia,0.000407,girl
237317,1988,Alissa,0.000406,girl
237318,1988,Brianne,0.000405,girl
237319,1988,Clarissa,0.000403,girl
237320,1988,Helen,0.000403,girl
237321,1988,Mackenzie,0.000402,girl
237322,1988,Staci,0.000401,girl
237323,1988,Shaina,0.000401,girl
237324,1988,Tatiana,0.000399,girl
237325,1988,Christie,0.000397,girl
237326,1988,Katharine,0.000393,girl
237327,1988,Eva,0.000392,girl
237328,1988,Lacy,0.00039,girl
237329,1988,Antoinette,0.000388,girl
237330,1988,Kristie,0.000386,girl
237331,1988,Johanna,0.000386,girl
237332,1988,Carol,0.000385,girl
237333,1988,Nadia,0.000385,girl
237334,1988,Kerri,0.00038,girl
237335,1988,Miriam,0.00038,girl
237336,1988,Rochelle,0.000379,girl
237337,1988,Cierra,0.000377,girl
237338,1988,Cecilia,0.000376,girl
237339,1988,Stacie,0.000374,girl
237340,1988,Tammy,0.000374,girl
237341,1988,Jaleesa,0.000374,girl
237342,1988,Annie,0.000373,girl
237343,1988,Anita,0.000372,girl
237344,1988,Leigh,0.000372,girl
237345,1988,Jane,0.000372,girl
237346,1988,Jodi,0.000371,girl
237347,1988,Elisabeth,0.00037,girl
237348,1988,Sheila,0.00037,girl
237349,1988,Charlene,0.000369,girl
237350,1988,Chasity,0.000368,girl
237351,1988,Elaine,0.000368,girl
237352,1988,Ciara,0.000366,girl
237353,1988,Tracey,0.000365,girl
237354,1988,Alejandra,0.000363,girl
237355,1988,Ericka,0.000363,girl
237356,1988,Tabatha,0.000361,girl
237357,1988,Shauna,0.000358,girl
237358,1988,Leticia,0.000355,girl
237359,1988,Tierra,0.000352,girl
237360,1988,Shayla,0.000352,girl
237361,1988,Tia,0.000351,girl
237362,1988,Shanna,0.00035,girl
237363,1988,Hailey,0.000349,girl
237364,1988,Yvonne,0.000348,girl
237365,1988,Taryn,0.000347,girl
237366,1988,Lyndsey,0.000344,girl
237367,1988,Alana,0.00034,girl
237368,1988,Arielle,0.00034,girl
237369,1988,Traci,0.00034,girl
237370,1988,Keisha,0.000338,girl
237371,1988,Charity,0.000337,girl
237372,1988,Lillian,0.000336,girl
237373,1988,Alyson,0.000334,girl
237374,1988,Meaghan,0.000334,girl
237375,1988,Irene,0.000332,girl
237376,1988,Ariana,0.000331,girl
237377,1988,Sonya,0.000329,girl
237378,1988,Michaela,0.000329,girl
237379,1988,Janice,0.000328,girl
237380,1988,Ashton,0.000327,girl
237381,1988,Guadalupe,0.000326,girl
237382,1988,Faith,0.000323,girl
237383,1988,Shayna,0.000323,girl
237384,1988,Julianne,0.000323,girl
237385,1988,Mia,0.000323,girl
237386,1988,Ruby,0.000323,girl
237387,1988,Debra,0.000321,girl
237388,1988,Tanisha,0.000321,girl
237389,1988,Kassandra,0.00032,girl
237390,1988,Ryan,0.00032,girl
237391,1988,Sade,0.00032,girl
237392,1988,Christian,0.000319,girl
237393,1988,Elena,0.000318,girl
237394,1988,Dorothy,0.000317,girl
237395,1988,Mercedes,0.000317,girl
237396,1988,Tricia,0.000314,girl
237397,1988,Nora,0.000314,girl
237398,1988,Latisha,0.000313,girl
237399,1988,Elisa,0.000312,girl
237400,1988,Francesca,0.000312,girl
237401,1988,Jaimie,0.000312,girl
237402,1988,Kerry,0.000311,girl
237403,1988,Chantel,0.00031,girl
237404,1988,Maureen,0.000309,girl
237405,1988,Bridgette,0.000306,girl
237406,1988,Katy,0.000306,girl
237407,1988,Tessa,0.000305,girl
237408,1988,Noelle,0.000301,girl
237409,1988,Annette,0.000299,girl
237410,1988,Kendall,0.000298,girl
237411,1988,Ashlie,0.000295,girl
237412,1988,Kayleigh,0.000294,girl
237413,1988,Sandy,0.000294,girl
237414,1988,Asia,0.000294,girl
237415,1988,Karissa,0.000294,girl
237416,1988,Kira,0.000291,girl
237417,1988,Lara,0.000291,girl
237418,1988,Callie,0.000289,girl
237419,1988,Isabel,0.000289,girl
237420,1988,Jazmin,0.000289,girl
237421,1988,Larissa,0.000286,girl
237422,1988,Blair,0.000285,girl
237423,1988,Kyla,0.000284,girl
237424,1988,Marilyn,0.000284,girl
237425,1988,Sherry,0.000284,girl
237426,1988,Chanel,0.000283,girl
237427,1988,Sally,0.000282,girl
237428,1988,Shelly,0.00028,girl
237429,1988,Daniela,0.000277,girl
237430,1988,Jackie,0.000275,girl
237431,1988,Brenna,0.000274,girl
237432,1988,Precious,0.000273,girl
237433,1988,Carolina,0.000272,girl
237434,1988,Kathy,0.000272,girl
237435,1988,Leanne,0.000272,girl
237436,1988,Jalisa,0.000271,girl
237437,1988,Lorena,0.000269,girl
237438,1988,Judith,0.000269,girl
237439,1988,Eileen,0.000268,girl
237440,1988,Tiffani,0.000268,girl
237441,1988,Brittni,0.000267,girl
237442,1988,Lucy,0.000266,girl
237443,1988,Constance,0.000266,girl
237444,1988,Alma,0.000265,girl
237445,1988,Whitley,0.000264,girl
237446,1988,Katlyn,0.000263,girl
237447,1988,Belinda,0.000262,girl
237448,1988,Jana,0.000262,girl
237449,1988,Josephine,0.000262,girl
237450,1988,Leanna,0.000261,girl
237451,1988,Jena,0.00026,girl
237452,1988,India,0.000259,girl
237453,1988,Juanita,0.000257,girl
237454,1988,Tamika,0.000257,girl
237455,1988,Laurel,0.000256,girl
237456,1988,Devin,0.000256,girl
237457,1988,Alisa,0.000254,girl
237458,1988,Ciera,0.000254,girl
237459,1988,Marlene,0.000254,girl
237460,1988,Alysha,0.000254,girl
237461,1988,Ashely,0.000254,girl
237462,1988,Jami,0.000254,girl
237463,1988,Iris,0.000253,girl
237464,1988,Rita,0.000252,girl
237465,1988,Marisol,0.000251,girl
237466,1988,Darlene,0.00025,girl
237467,1988,Jacklyn,0.00025,girl
237468,1988,Connie,0.00025,girl
237469,1988,Lesley,0.00025,girl
237470,1988,Michael,0.00025,girl
237471,1988,Natalia,0.00025,girl
237472,1988,Patrice,0.00025,girl
237473,1988,Terri,0.00025,girl
237474,1988,Alaina,0.000249,girl
237475,1988,Maribel,0.000249,girl
237476,1988,Casandra,0.000249,girl
237477,1988,Joyce,0.000248,girl
237478,1988,Laurie,0.000248,girl
237479,1988,Chloe,0.000247,girl
237480,1988,Esmeralda,0.000247,girl
237481,1988,Blanca,0.000245,girl
237482,1988,Jennie,0.000245,girl
237483,1988,Lynn,0.000244,girl
237484,1988,Jazmine,0.000243,girl
237485,1988,Ashly,0.000242,girl
237486,1988,Lakeisha,0.000241,girl
237487,1988,Kala,0.000241,girl
237488,1988,Rhonda,0.000241,girl
237489,1988,Tori,0.000241,girl
237490,1988,Beverly,0.00024,girl
237491,1988,Brandie,0.00024,girl
237492,1988,Shirley,0.00024,girl
237493,1988,Celeste,0.000238,girl
237494,1988,Stephany,0.000238,girl
237495,1988,Gabriella,0.000237,girl
237496,1988,Nikita,0.000236,girl
237497,1988,Genevieve,0.000235,girl
237498,1988,Juliana,0.000234,girl
237499,1988,Norma,0.000234,girl
237500,1988,Marina,0.000233,girl
237501,1988,Corinne,0.000232,girl
237502,1988,Tiana,0.000232,girl
237503,1988,Devon,0.000231,girl
237504,1988,Hollie,0.000229,girl
237505,1988,Jerrica,0.000228,girl
237506,1988,Liliana,0.000227,girl
237507,1988,Breanne,0.000226,girl
237508,1988,Rosemary,0.000225,girl
237509,1988,Christin,0.000224,girl
237510,1988,Janae,0.000224,girl
237511,1988,Kacie,0.000224,girl
237512,1988,Janay,0.000223,girl
237513,1988,Joanne,0.000223,girl
237514,1988,Christen,0.000223,girl
237515,1988,Katelynn,0.000222,girl
237516,1988,Leann,0.000222,girl
237517,1988,Vivian,0.000222,girl
237518,1988,Kelsie,0.000222,girl
237519,1988,Shelley,0.000221,girl
237520,1988,Mariah,0.00022,girl
237521,1988,Adrianna,0.00022,girl
237522,1988,Maegan,0.000219,girl
237523,1988,Tania,0.000219,girl
237524,1988,Mollie,0.000218,girl
237525,1988,Justina,0.000218,girl
237526,1988,Octavia,0.000218,girl
237527,1988,Audra,0.000217,girl
237528,1988,Serena,0.000217,girl
237529,1988,Clara,0.000216,girl
237530,1988,Kourtney,0.000216,girl
237531,1988,Kristyn,0.000216,girl
237532,1988,Susana,0.000215,girl
237533,1988,Hanna,0.000214,girl
237534,1988,Beatriz,0.000213,girl
237535,1988,Judy,0.000213,girl
237536,1988,Cassidy,0.000211,girl
237537,1988,Tiffanie,0.000211,girl
237538,1988,Abbey,0.00021,girl
237539,1988,Shantel,0.00021,girl
237540,1988,Amie,0.000209,girl
237541,1988,Elisha,0.000209,girl
237542,1988,Alyse,0.000209,girl
237543,1988,Katelin,0.000208,girl
237544,1988,Nadine,0.000208,girl
237545,1988,Sadie,0.000208,girl
237546,1988,Keshia,0.000207,girl
237547,1988,Lea,0.000207,girl
237548,1988,Lily,0.000207,girl
237549,1988,Stevie,0.000206,girl
237550,1988,Betty,0.000205,girl
237551,1988,Margarita,0.000205,girl
237552,1988,Lena,0.000205,girl
237553,1988,Kaila,0.000204,girl
237554,1988,Dianna,0.000203,girl
237555,1988,Jolene,0.000201,girl
237556,1988,Adrian,0.0002,girl
237557,1988,Kyra,0.000199,girl
237558,1988,Bobbie,0.000199,girl
237559,1988,Jenifer,0.000198,girl
237560,1988,Jayme,0.000197,girl
237561,1988,Terra,0.000197,girl
237562,1988,Alycia,0.000196,girl
237563,1988,Angie,0.000191,girl
237564,1988,Janine,0.000191,girl
237565,1988,Britany,0.000189,girl
237566,1988,Lorraine,0.000189,girl
237567,1988,Silvia,0.000189,girl
237568,1988,Trista,0.000189,girl
237569,1988,Dayna,0.000188,girl
237570,1988,Brittny,0.000187,girl
237571,1988,Chrystal,0.000187,girl
237572,1988,Racheal,0.000187,girl
237573,1988,Aisha,0.000186,girl
237574,1988,Antonia,0.000186,girl
237575,1988,Geraldine,0.000185,girl
237576,1988,Christopher,0.000185,girl
237577,1988,Daniella,0.000185,girl
237578,1988,Maritza,0.000184,girl
237579,1988,Alysia,0.000183,girl
237580,1988,Mckenzie,0.000183,girl
237581,1988,Desirae,0.000182,girl
237582,1988,Kali,0.000181,girl
237583,1988,Rocio,0.000181,girl
237584,1988,Cristal,0.00018,girl
237585,1988,Jeannette,0.00018,girl
237586,1988,Lacie,0.00018,girl
237587,1988,Gretchen,0.000179,girl
237588,1988,Krysta,0.000179,girl
237589,1988,Celia,0.000178,girl
237590,1988,Jerica,0.000178,girl
237591,1988,Arlene,0.000177,girl
237592,1988,Betsy,0.000176,girl
237593,1988,Chandra,0.000175,girl
237594,1988,Melisa,0.000175,girl
237595,1988,Edith,0.000175,girl
237596,1988,Angelique,0.000174,girl
237597,1988,Diamond,0.000174,girl
237598,1988,Alanna,0.000174,girl
237599,1988,Bobbi,0.000173,girl
237600,1988,Lyndsay,0.000173,girl
237601,1988,Alexander,0.000172,girl
237602,1988,Brittanie,0.000172,girl
237603,1988,Joann,0.000172,girl
237604,1988,Mara,0.000172,girl
237605,1988,Talia,0.000172,girl
237606,1988,Corina,0.000172,girl
237607,1988,Jean,0.000172,girl
237608,1988,Carina,0.000171,girl
237609,1988,Eliza,0.000171,girl
237610,1988,Lana,0.00017,girl
237611,1988,Raven,0.00017,girl
237612,1988,Kaleigh,0.00017,girl
237613,1988,Shante,0.000169,girl
237614,1988,Becky,0.000169,girl
237615,1988,Corey,0.000169,girl
237616,1988,Loren,0.000169,girl
237617,1988,Maricela,0.000169,girl
237618,1988,Cayla,0.000168,girl
237619,1988,Savanna,0.000168,girl
237620,1988,Mandi,0.000168,girl
237621,1988,Ashli,0.000166,girl
237622,1988,Kristal,0.000166,girl
237623,1988,Janie,0.000165,girl
237624,1988,Jesse,0.000165,girl
237625,1988,Kaci,0.000165,girl
237626,1988,Kacey,0.000165,girl
237627,1988,Roxanna,0.000165,girl
237628,1988,Janette,0.000164,girl
237629,1988,Marquita,0.000164,girl
237630,1988,Maura,0.000164,girl
237631,1988,Noel,0.000164,girl
237632,1988,Cheyenne,0.000163,girl
237633,1988,Julianna,0.000163,girl
237634,1988,Lizette,0.000163,girl
237635,1988,Adrianne,0.000162,girl
237636,1988,Lucia,0.000162,girl
237637,1988,Gwendolyn,0.000161,girl
237638,1988,Kylee,0.000161,girl
237639,1988,Luz,0.000161,girl
237640,1988,Marisela,0.000161,girl
237641,1988,Roxana,0.000161,girl
237642,1988,Eleanor,0.00016,girl
237643,1988,Emilie,0.00016,girl
237644,1988,Ivy,0.000158,girl
237645,1988,Georgia,0.000158,girl
237646,1988,Lora,0.000157,girl
237647,1988,Myra,0.000157,girl
237648,1988,Dina,0.000157,girl
237649,1988,Cameron,0.000156,girl
237650,1988,Joshua,0.000155,girl
237651,1988,Nathalie,0.000155,girl
237652,1988,Britni,0.000155,girl
237653,1988,Laci,0.000155,girl
237654,1988,Latonya,0.000155,girl
237655,1988,Janna,0.000154,girl
237656,1988,Maranda,0.000154,girl
237657,1988,Sonja,0.000154,girl
237658,1988,Paris,0.000153,girl
237659,1988,Fatima,0.000152,girl
237660,1988,Kaley,0.000152,girl
237661,1988,Kelsi,0.000152,girl
237662,1988,Chantal,0.000152,girl
237663,1988,Rosanna,0.000152,girl
237664,1988,Alecia,0.00015,girl
237665,1988,Billie,0.00015,girl
237666,1988,Kyle,0.00015,girl
237667,1988,Porsha,0.00015,girl
237668,1988,Cherie,0.000149,girl
237669,1988,Leeann,0.000149,girl
237670,1988,Martina,0.000149,girl
237671,1988,Deja,0.000149,girl
237672,1988,Emilee,0.000149,girl
237673,1988,Maya,0.000149,girl
237674,1988,Phylicia,0.000149,girl
237675,1988,Araceli,0.000148,girl
237676,1988,Beatrice,0.000148,girl
237677,1988,Felisha,0.000148,girl
237678,1988,Kassie,0.000148,girl
237679,1988,Kimberley,0.000148,girl
237680,1988,Alesha,0.000148,girl
237681,1988,Latrice,0.000147,girl
237682,1988,Daniel,0.000146,girl
237683,1988,Joan,0.000146,girl
237684,1988,Sofia,0.000146,girl
237685,1988,Ashlyn,0.000146,girl
237686,1988,Eden,0.000146,girl
237687,1988,Gillian,0.000146,girl
237688,1988,Cari,0.000145,girl
237689,1988,Kandace,0.000145,girl
237690,1988,Princess,0.000145,girl
237691,1988,Daphne,0.000144,girl
237692,1988,Lynette,0.000144,girl
237693,1988,Kimberlee,0.000144,girl
237694,1988,Nicolette,0.000144,girl
237695,1988,Allie,0.000143,girl
237696,1988,Deidre,0.000143,girl
237697,1988,Krystina,0.000143,girl
237698,1988,Jody,0.000142,girl
237699,1988,Marcella,0.000142,girl
237700,1988,Bernadette,0.000142,girl
237701,1988,Jessika,0.000142,girl
237702,1988,Maryann,0.000142,girl
237703,1988,Mariana,0.000141,girl
237704,1988,Shanika,0.000141,girl
237705,1988,Alex,0.00014,girl
237706,1988,Teri,0.00014,girl
237707,1988,Lee,0.000139,girl
237708,1988,Marianne,0.000139,girl
237709,1988,Ayla,0.000138,girl
237710,1988,Noemi,0.000138,girl
237711,1988,Alexia,0.000137,girl
237712,1988,Kenya,0.000137,girl
237713,1988,Tyler,0.000137,girl
237714,1988,Debbie,0.000136,girl
237715,1988,Shari,0.000136,girl
237716,1988,Tameka,0.000136,girl
237717,1988,Marjorie,0.000136,girl
237718,1988,Tracie,0.000135,girl
237719,1988,Cori,0.000135,girl
237720,1988,Domonique,0.000135,girl
237721,1988,Kirstin,0.000135,girl
237722,1988,Brittaney,0.000134,girl
237723,1988,Carley,0.000134,girl
237724,1988,Sherri,0.000134,girl
237725,1988,Taja,0.000134,girl
237726,1988,Chelsi,0.000134,girl
237727,1988,Elissa,0.000134,girl
237728,1988,Shameka,0.000134,girl
237729,1988,Sheri,0.000134,girl
237730,1988,Aileen,0.000133,girl
237731,1988,Eboni,0.000133,girl
237732,1988,Irma,0.000133,girl
237733,1988,Janel,0.000133,girl
237734,1988,Julissa,0.000133,girl
237735,1988,Krysten,0.000133,girl
237736,1988,Portia,0.000133,girl
237737,1988,Kandice,0.000132,girl
237738,1988,Cody,0.000132,girl
237739,1988,Olga,0.000132,girl
237740,1988,Shea,0.000132,girl
237741,1988,Deidra,0.000131,girl
237742,1988,Matthew,0.000131,girl
237743,1988,Yadira,0.000131,girl
237744,1988,Arianna,0.00013,girl
237745,1988,Clare,0.00013,girl
237746,1988,David,0.00013,girl
237747,1988,Dena,0.00013,girl
237748,1988,Kim,0.00013,girl
237749,1988,Loretta,0.00013,girl
237750,1988,Monika,0.00013,girl
237751,1988,Viviana,0.00013,girl
237752,1988,Stefani,0.000129,girl
237753,1988,Yessenia,0.000129,girl
237754,1988,Josie,0.000129,girl
237755,1988,Kathrine,0.000129,girl
237756,1988,Catrina,0.000128,girl
237757,1988,Genesis,0.000128,girl
237758,1988,Kiley,0.000128,girl
237759,1988,Lynsey,0.000128,girl
237760,1988,Marcia,0.000128,girl
237761,1988,Sophie,0.000128,girl
237762,1988,Darcy,0.000128,girl
237763,1988,Lashonda,0.000128,girl
237764,1988,Logan,0.000128,girl
237765,1988,Rikki,0.000128,girl
237766,1988,Alina,0.000127,girl
237767,1988,James,0.000127,girl
237768,1988,Katlin,0.000127,girl
237769,1988,Tera,0.000127,girl
237770,1988,Lakisha,0.000127,girl
237771,1988,Chantelle,0.000126,girl
237772,1988,Gladys,0.000126,girl
237773,1988,Janessa,0.000126,girl
237774,1988,Justin,0.000126,girl
237775,1988,Kasandra,0.000126,girl
237776,1988,Tosha,0.000126,girl
237777,1988,Janell,0.000125,girl
237778,1988,Kati,0.000125,girl
237779,1988,Mariel,0.000125,girl
237780,1988,Dara,0.000125,girl
237781,1988,Joelle,0.000125,girl
237782,1988,Liza,0.000125,girl
237783,1988,Rhiannon,0.000125,girl
237784,1988,Madeleine,0.000124,girl
237785,1988,Skye,0.000124,girl
237786,1988,Geneva,0.000124,girl
237787,1988,Kimber,0.000124,girl
237788,1988,Lakeshia,0.000124,girl
237789,1988,Zoe,0.000124,girl
237790,1988,Demetria,0.000123,girl
237791,1988,Cecily,0.000122,girl
237792,1988,Holli,0.000122,girl
237793,1988,Aurora,0.000122,girl
237794,1988,Athena,0.000121,girl
237795,1988,Renae,0.000121,girl
237796,1988,Hallie,0.000121,girl
237797,1988,Marla,0.000121,girl
237798,1988,Celina,0.00012,girl
237799,1988,Deana,0.00012,girl
237800,1988,Rebeca,0.00012,girl
237801,1988,Selina,0.00012,girl
237802,1988,Kori,0.00012,girl
237803,1988,Joni,0.000119,girl
237804,1988,Christi,0.000119,girl
237805,1988,Cathy,0.000118,girl
237806,1988,Deandra,0.000118,girl
237807,1988,Peggy,0.000118,girl
237808,1988,Abbie,0.000118,girl
237809,1988,Ali,0.000118,girl
237810,1988,Doris,0.000118,girl
237811,1988,Kailey,0.000118,girl
237812,1988,Bridgett,0.000117,girl
237813,1988,Tanesha,0.000117,girl
237814,1988,Candy,0.000117,girl
237815,1988,Caryn,0.000117,girl
237816,1988,Kiara,0.000116,girl
237817,1988,Perla,0.000116,girl
237818,1988,Samatha,0.000116,girl
237819,1988,Susanna,0.000116,girl
237820,1988,Valeria,0.000116,girl
237821,1988,Breann,0.000115,girl
237822,1988,Chastity,0.000115,girl
237823,1988,Leandra,0.000115,girl
237824,1988,Leila,0.000115,girl
237825,1988,Alessandra,0.000115,girl
237826,1988,Fallon,0.000115,girl
237827,1988,Ginger,0.000115,girl
237828,1988,Pauline,0.000115,girl
237829,1988,Shamika,0.000115,girl
237830,1988,Elaina,0.000114,girl
237831,1988,Brittnee,0.000113,girl
237832,1988,Kristian,0.000113,girl
237833,1988,Annmarie,0.000112,girl
237834,1988,Richelle,0.000112,girl
237835,1988,Valencia,0.000112,girl
237836,1988,Charmaine,0.000112,girl
237837,1988,Trina,0.000112,girl
237838,1988,Andrew,0.000111,girl
237839,1988,Cecelia,0.000111,girl
237840,1988,Dora,0.000111,girl
237841,1988,Eunice,0.000111,girl
237842,1988,Tiera,0.000111,girl
237843,1988,Yasmin,0.000111,girl
237844,1988,Chaya,0.000111,girl
237845,1988,Jesica,0.000111,girl
237846,1988,Kierra,0.000111,girl
237847,1988,Katheryn,0.00011,girl
237848,1988,Jeanne,0.00011,girl
237849,1988,Lakesha,0.00011,girl
237850,1988,Tarah,0.00011,girl
237851,1988,Jaqueline,0.000109,girl
237852,1988,Jodie,0.000109,girl
237853,1988,Selena,0.000109,girl
237854,1988,Micah,0.000109,girl
237855,1988,Roberta,0.000109,girl
237856,1988,Kaylin,0.000108,girl
237857,1988,Alexandrea,0.000108,girl
237858,1988,Danica,0.000108,girl
237859,1988,Dominque,0.000108,girl
237860,1988,Kortney,0.000107,girl
237861,1988,Paola,0.000107,girl
237862,1988,Cory,0.000107,girl
237863,1988,Giselle,0.000106,girl
237864,1988,Ingrid,0.000106,girl
237865,1988,Lauryn,0.000106,girl
237866,1988,Marsha,0.000106,girl
237867,1988,Aja,0.000106,girl
237868,1988,Liana,0.000106,girl
237869,1988,Nikole,0.000106,girl
237870,1988,Chiquita,0.000105,girl
237871,1988,Griselda,0.000105,girl
237872,1988,Kalyn,0.000105,girl
237873,1988,Magen,0.000105,girl
237874,1988,Micaela,0.000105,girl
237875,1988,Anais,0.000105,girl
237876,1988,Cora,0.000105,girl
237877,1988,Ramona,0.000105,girl
237878,1988,Cheri,0.000104,girl
237879,1988,Cherish,0.000104,girl
237880,1988,Linsey,0.000104,girl
237881,1988,Marlena,0.000104,girl
237882,1988,Allyssa,0.000104,girl
237883,1988,Jeannie,0.000104,girl
237884,1988,Kiersten,0.000104,girl
237885,1988,Mari,0.000104,girl
237886,1988,Breana,0.000103,girl
237887,1988,Jessi,0.000103,girl
237888,1988,Latosha,0.000103,girl
237889,1988,Reyna,0.000103,girl
237890,1988,Brook,0.000102,girl
237891,1988,Karli,0.000102,girl
237892,1988,Kaylyn,0.000102,girl
237893,1988,Laquita,0.000102,girl
237894,1988,Lissette,0.000102,girl
237895,1988,Shanae,0.000102,girl
237896,1988,Maxine,0.000101,girl
237897,1988,Shawn,0.000101,girl
237898,1988,Delilah,0.0001,girl
237899,1988,Rena,0.0001,girl
237900,1988,Tianna,0.0001,girl
237901,1988,Kaela,0.0001,girl
237902,1988,Kristan,0.0001,girl
237903,1988,Diandra,9.9e-05,girl
237904,1988,Malinda,9.9e-05,girl
237905,1988,Cassondra,9.9e-05,girl
237906,1988,Felecia,9.9e-05,girl
237907,1988,Jessenia,9.9e-05,girl
237908,1988,Johnna,9.9e-05,girl
237909,1988,Sharonda,9.8e-05,girl
237910,1988,Rosemarie,9.8e-05,girl
237911,1988,Sarina,9.8e-05,girl
237912,1988,Delia,9.7e-05,girl
237913,1988,Sheree,9.7e-05,girl
237914,1988,Chanelle,9.7e-05,girl
237915,1988,Lia,9.6e-05,girl
237916,1988,Racquel,9.6e-05,girl
237917,1988,Tawny,9.6e-05,girl
237918,1988,Andria,9.6e-05,girl
237919,1988,Helena,9.6e-05,girl
237920,1988,Krystin,9.6e-05,girl
237921,1988,Shantell,9.6e-05,girl
237922,1988,Farrah,9.5e-05,girl
237923,1988,Georgina,9.5e-05,girl
237924,1988,Mai,9.5e-05,girl
237925,1988,Marcy,9.5e-05,girl
237926,1988,Robert,9.5e-05,girl
237927,1988,Sondra,9.5e-05,girl
237928,1988,Tess,9.5e-05,girl
237929,1988,Joseph,9.5e-05,girl
237930,1988,Brandee,9.4e-05,girl
237931,1988,Danyelle,9.4e-05,girl
237932,1988,Ella,9.4e-05,girl
237933,1988,Lizbeth,9.4e-05,girl
237934,1988,Salina,9.4e-05,girl
237935,1988,Annamarie,9.3e-05,girl
237936,1988,Casie,9.3e-05,girl
237937,1988,Karin,9.3e-05,girl
237938,1988,Kasie,9.3e-05,girl
237939,1988,Kiera,9.3e-05,girl
237940,1988,Mattie,9.3e-05,girl
237941,1988,Rosalie,9.3e-05,girl
237942,1988,Anthony,9.2e-05,girl
237943,1988,Carlie,9.2e-05,girl
237944,1988,Cathryn,9.2e-05,girl
237945,1988,Deirdre,9.2e-05,girl
237946,1988,Jada,9.2e-05,girl
237947,1988,Kami,9.2e-05,girl
237948,1988,Marian,9.2e-05,girl
237949,1988,Valarie,9.2e-05,girl
237950,1988,Christal,9.2e-05,girl
237951,1988,Maira,9.2e-05,girl
237952,1988,Margo,9.2e-05,girl
237953,1988,Susie,9.2e-05,girl
237954,1988,Marion,9.1e-05,girl
237955,1988,Wanda,9.1e-05,girl
237956,1988,Gabriel,9.1e-05,girl
237957,1988,Karly,9.1e-05,girl
237958,1988,Paulina,9.1e-05,girl
237959,1988,Anabel,9e-05,girl
237960,1988,Antionette,9e-05,girl
237961,1988,Jeanna,9e-05,girl
237962,1988,Katarina,9e-05,girl
237963,1988,Magan,9e-05,girl
237964,1988,Porsche,9e-05,girl
237965,1988,Rosalinda,9e-05,girl
237966,1988,Venessa,9e-05,girl
237967,1988,Amberly,9e-05,girl
237968,1988,Brigitte,9e-05,girl
237969,1988,Jalissa,9e-05,girl
237970,1988,Danelle,8.9e-05,girl
237971,1988,Glenda,8.9e-05,girl
237972,1988,Elsa,8.9e-05,girl
237973,1988,Hali,8.9e-05,girl
237974,1988,Jamila,8.9e-05,girl
237975,1988,Madelyn,8.9e-05,girl
237976,1988,Stacia,8.9e-05,girl
237977,1988,Carli,8.8e-05,girl
237978,1988,Lakendra,8.8e-05,girl
237979,1988,Tamra,8.8e-05,girl
237980,1988,Tiarra,8.8e-05,girl
237981,1988,Vicky,8.8e-05,girl
237982,1988,Grecia,8.7e-05,girl
237983,1988,Ava,8.7e-05,girl
237984,1988,Emilia,8.7e-05,girl
237985,1988,Ivette,8.7e-05,girl
237986,1988,John,8.7e-05,girl
237987,1988,Magdalena,8.7e-05,girl
237988,1988,Moriah,8.7e-05,girl
237989,1988,Brandon,8.6e-05,girl
237990,1988,Jeanine,8.6e-05,girl
237991,1988,Ladonna,8.6e-05,girl
237992,1988,Lourdes,8.6e-05,girl
237993,1988,Rene,8.6e-05,girl
237994,1988,Santana,8.6e-05,girl
237995,1988,Eric,8.6e-05,girl
237996,1988,Jonathan,8.6e-05,girl
237997,1988,Kaitlynn,8.6e-05,girl
237998,1988,Brittnie,8.5e-05,girl
237999,1988,Flor,8.5e-05,girl
238000,1989,Jessica,0.024046,girl
238001,1989,Ashley,0.023892,girl
238002,1989,Brittany,0.018973,girl
238003,1989,Amanda,0.018495,girl
238004,1989,Sarah,0.01395,girl
238005,1989,Samantha,0.01245,girl
238006,1989,Jennifer,0.012051,girl
238007,1989,Stephanie,0.011431,girl
238008,1989,Lauren,0.010573,girl
238009,1989,Elizabeth,0.010178,girl
238010,1989,Megan,0.009941,girl
238011,1989,Nicole,0.009553,girl
238012,1989,Emily,0.0087,girl
238013,1989,Amber,0.008417,girl
238014,1989,Heather,0.00816,girl
238015,1989,Tiffany,0.007889,girl
238016,1989,Danielle,0.007717,girl
238017,1989,Rachel,0.007709,girl
238018,1989,Melissa,0.007637,girl
238019,1989,Kayla,0.007483,girl
238020,1989,Courtney,0.006753,girl
238021,1989,Michelle,0.00672,girl
238022,1989,Christina,0.006595,girl
238023,1989,Rebecca,0.006241,girl
238024,1989,Laura,0.005894,girl
238025,1989,Katherine,0.005737,girl
238026,1989,Chelsea,0.005649,girl
238027,1989,Kimberly,0.005544,girl
238028,1989,Sara,0.004874,girl
238029,1989,Jasmine,0.004793,girl
238030,1989,Kelsey,0.004648,girl
238031,1989,Crystal,0.004567,girl
238032,1989,Alyssa,0.004542,girl
238033,1989,Erica,0.00453,girl
238034,1989,Amy,0.004471,girl
238035,1989,Kristen,0.004419,girl
238036,1989,Kelly,0.0044,girl
238037,1989,Mary,0.004334,girl
238038,1989,Andrea,0.004221,girl
238039,1989,Erin,0.004087,girl
238040,1989,Brittney,0.003932,girl
238041,1989,Hannah,0.003931,girl
238042,1989,Alexandra,0.003855,girl
238043,1989,Victoria,0.003833,girl
238044,1989,Allison,0.003659,girl
238045,1989,Katie,0.003659,girl
238046,1989,Angela,0.003618,girl
238047,1989,Lindsey,0.003551,girl
238048,1989,Caitlin,0.003529,girl
238049,1989,Vanessa,0.00349,girl
238050,1989,Anna,0.003455,girl
238051,1989,Jamie,0.003439,girl
238052,1989,Alicia,0.003425,girl
238053,1989,Cassandra,0.003362,girl
238054,1989,Lisa,0.003302,girl
238055,1989,Maria,0.003174,girl
238056,1989,Whitney,0.00317,girl
238057,1989,Kathryn,0.003161,girl
238058,1989,Christine,0.003079,girl
238059,1989,Kristin,0.003044,girl
238060,1989,Shannon,0.002843,girl
238061,1989,Natalie,0.002826,girl
238062,1989,Lindsay,0.002775,girl
238063,1989,Jacqueline,0.002738,girl
238064,1989,Kristina,0.002411,girl
238065,1989,April,0.002378,girl
238066,1989,Catherine,0.002288,girl
238067,1989,Monica,0.002258,girl
238068,1989,Morgan,0.002224,girl
238069,1989,Tara,0.002194,girl
238070,1989,Jenna,0.00218,girl
238071,1989,Jordan,0.002148,girl
238072,1989,Erika,0.002102,girl
238073,1989,Brooke,0.002083,girl
238074,1989,Taylor,0.002042,girl
238075,1989,Katelyn,0.002027,girl
238076,1989,Brianna,0.002006,girl
238077,1989,Julie,0.001981,girl
238078,1989,Holly,0.001956,girl
238079,1989,Meghan,0.001937,girl
238080,1989,Marissa,0.001906,girl
238081,1989,Krystal,0.001902,girl
238082,1989,Leah,0.001899,girl
238083,1989,Cynthia,0.001894,girl
238084,1989,Veronica,0.001862,girl
238085,1989,Diana,0.001849,girl
238086,1989,Natasha,0.001842,girl
238087,1989,Melanie,0.001822,girl
238088,1989,Patricia,0.001811,girl
238089,1989,Kathleen,0.001808,girl
238090,1989,Bianca,0.001803,girl
238091,1989,Alexis,0.001765,girl
238092,1989,Molly,0.001737,girl
238093,1989,Abigail,0.001708,girl
238094,1989,Kaitlyn,0.001705,girl
238095,1989,Julia,0.001689,girl
238096,1989,Margaret,0.001651,girl
238097,1989,Brandi,0.001633,girl
238098,1989,Kendra,0.001621,girl
238099,1989,Kaitlin,0.001594,girl
238100,1989,Kara,0.001567,girl
238101,1989,Bethany,0.001548,girl
238102,1989,Casey,0.001546,girl
238103,1989,Alexandria,0.001541,girl
238104,1989,Dana,0.001506,girl
238105,1989,Jillian,0.001467,girl
238106,1989,Angelica,0.001442,girl
238107,1989,Leslie,0.001439,girl
238108,1989,Rachael,0.001421,girl
238109,1989,Karen,0.001384,girl
238110,1989,Felicia,0.001382,girl
238111,1989,Gabrielle,0.001365,girl
238112,1989,Caroline,0.001337,girl
238113,1989,Kiara,0.001317,girl
238114,1989,Katrina,0.001316,girl
238115,1989,Sabrina,0.001293,girl
238116,1989,Valerie,0.001285,girl
238117,1989,Britney,0.001253,girl
238118,1989,Alison,0.001252,girl
238119,1989,Meagan,0.001238,girl
238120,1989,Brandy,0.001234,girl
238121,1989,Alisha,0.001222,girl
238122,1989,Olivia,0.001222,girl
238123,1989,Paige,0.0012,girl
238124,1989,Haley,0.001186,girl
238125,1989,Briana,0.001181,girl
238126,1989,Desiree,0.00118,girl
238127,1989,Nancy,0.001176,girl
238128,1989,Sandra,0.001168,girl
238129,1989,Miranda,0.001167,girl
238130,1989,Brenda,0.00114,girl
238131,1989,Candace,0.001139,girl
238132,1989,Ana,0.001137,girl
238133,1989,Candice,0.001137,girl
238134,1989,Adriana,0.001134,girl
238135,1989,Nichole,0.001121,girl
238136,1989,Krista,0.001116,girl
238137,1989,Jaclyn,0.001113,girl
238138,1989,Monique,0.001109,girl
238139,1989,Chelsey,0.001105,girl
238140,1989,Gina,0.001089,girl
238141,1989,Joanna,0.001061,girl
238142,1989,Lacey,0.001042,girl
238143,1989,Ashlee,0.001028,girl
238144,1989,Denise,0.001022,girl
238145,1989,Stacey,0.001014,girl
238146,1989,Mallory,0.00099,girl
238147,1989,Carrie,0.000984,girl
238148,1989,Grace,0.000968,girl
238149,1989,Kylie,0.000968,girl
238150,1989,Emma,0.000965,girl
238151,1989,Stacy,0.000947,girl
238152,1989,Anne,0.000945,girl
238153,1989,Rebekah,0.000938,girl
238154,1989,Sierra,0.000936,girl
238155,1989,Tabitha,0.00093,girl
238156,1989,Linda,0.000926,girl
238157,1989,Carolyn,0.000909,girl
238158,1989,Colleen,0.000909,girl
238159,1989,Robin,0.000906,girl
238160,1989,Susan,0.0009,girl
238161,1989,Deanna,0.000882,girl
238162,1989,Breanna,0.000877,girl
238163,1989,Priscilla,0.000874,girl
238164,1989,Kelli,0.000872,girl
238165,1989,Cristina,0.000869,girl
238166,1989,Angel,0.000861,girl
238167,1989,Meredith,0.000855,girl
238168,1989,Sasha,0.000853,girl
238169,1989,Audrey,0.000845,girl
238170,1989,Claire,0.00084,girl
238171,1989,Renee,0.000834,girl
238172,1989,Dominique,0.000823,girl
238173,1989,Bridget,0.000821,girl
238174,1989,Melinda,0.000796,girl
238175,1989,Ebony,0.000792,girl
238176,1989,Cindy,0.000787,girl
238177,1989,Justine,0.000787,girl
238178,1989,Carly,0.000781,girl
238179,1989,Theresa,0.000775,girl
238180,1989,Heidi,0.000773,girl
238181,1989,Karina,0.000773,girl
238182,1989,Kirsten,0.000772,girl
238183,1989,Arielle,0.000768,girl
238184,1989,Teresa,0.000768,girl
238185,1989,Barbara,0.000746,girl
238186,1989,Tamara,0.000745,girl
238187,1989,Autumn,0.000743,girl
238188,1989,Latoya,0.000736,girl
238189,1989,Tracy,0.000735,girl
238190,1989,Mayra,0.000731,girl
238191,1989,Claudia,0.000709,girl
238192,1989,Tanya,0.000697,girl
238193,1989,Cassie,0.000691,girl
238194,1989,Kristine,0.000691,girl
238195,1989,Marie,0.00069,girl
238196,1989,Jacquelyn,0.000684,girl
238197,1989,Pamela,0.000671,girl
238198,1989,Wendy,0.000671,girl
238199,1989,Ashleigh,0.000669,girl
238200,1989,Tina,0.000663,girl
238201,1989,Ellen,0.00066,girl
238202,1989,Alexa,0.000655,girl
238203,1989,Yesenia,0.000655,girl
238204,1989,Kari,0.000651,girl
238205,1989,Kasey,0.000647,girl
238206,1989,Savannah,0.000647,girl
238207,1989,Hillary,0.000645,girl
238208,1989,Jenny,0.000645,girl
238209,1989,Ariel,0.000644,girl
238210,1989,Abby,0.000641,girl
238211,1989,Cara,0.000641,girl
238212,1989,Adrienne,0.000638,girl
238213,1989,Michele,0.000637,girl
238214,1989,Amelia,0.000635,girl
238215,1989,Virginia,0.000634,girl
238216,1989,Tiara,0.00063,girl
238217,1989,Daisy,0.000628,girl
238218,1989,Lydia,0.000627,girl
238219,1989,Martha,0.000625,girl
238220,1989,Caitlyn,0.00062,girl
238221,1989,Madison,0.000614,girl
238222,1989,Misty,0.000614,girl
238223,1989,Gabriela,0.000614,girl
238224,1989,Kristy,0.000612,girl
238225,1989,Mercedes,0.000612,girl
238226,1989,Janet,0.000609,girl
238227,1989,Tasha,0.000605,girl
238228,1989,Shelby,0.000604,girl
238229,1989,Sydney,0.000599,girl
238230,1989,Carmen,0.000596,girl
238231,1989,Janelle,0.000594,girl
238232,1989,Kristi,0.000589,girl
238233,1989,Evelyn,0.000587,girl
238234,1989,Madeline,0.000587,girl
238235,1989,Nina,0.000587,girl
238236,1989,Raquel,0.000586,girl
238237,1989,Destiny,0.000577,girl
238238,1989,Jessie,0.000577,girl
238239,1989,Jade,0.000576,girl
238240,1989,Brittani,0.000574,girl
238241,1989,Rosa,0.000568,girl
238242,1989,Allyson,0.000561,girl
238243,1989,Sharon,0.000561,girl
238244,1989,Christy,0.000549,girl
238245,1989,Ann,0.000547,girl
238246,1989,Jocelyn,0.000542,girl
238247,1989,Gloria,0.000541,girl
238248,1989,Kate,0.000541,girl
238249,1989,Deborah,0.00054,girl
238250,1989,Jasmin,0.00054,girl
238251,1989,Carla,0.000536,girl
238252,1989,Elise,0.000535,girl
238253,1989,Sophia,0.000532,girl
238254,1989,Jill,0.000532,girl
238255,1989,Toni,0.000529,girl
238256,1989,Bailey,0.000528,girl
238257,1989,Kellie,0.000525,girl
238258,1989,Marisa,0.00052,girl
238259,1989,Hilary,0.000516,girl
238260,1989,Ashton,0.000516,girl
238261,1989,Cortney,0.000514,girl
238262,1989,Aimee,0.000509,girl
238263,1989,Jeanette,0.000509,girl
238264,1989,Shawna,0.000507,girl
238265,1989,Chelsie,0.000505,girl
238266,1989,Stefanie,0.000504,girl
238267,1989,Nikki,0.000503,girl
238268,1989,Michaela,0.000501,girl
238269,1989,Donna,0.000498,girl
238270,1989,Regina,0.000498,girl
238271,1989,Lori,0.000496,girl
238272,1989,Naomi,0.000495,girl
238273,1989,Kaylee,0.000494,girl
238274,1989,Trisha,0.000492,girl
238275,1989,Ruth,0.000491,girl
238276,1989,Roxanne,0.000491,girl
238277,1989,Ariana,0.000487,girl
238278,1989,Karla,0.000485,girl
238279,1989,Carissa,0.000483,girl
238280,1989,Kelley,0.000483,girl
238281,1989,Latasha,0.00048,girl
238282,1989,Adrianna,0.000479,girl
238283,1989,Brianne,0.000473,girl
238284,1989,Hayley,0.000469,girl
238285,1989,Christin,0.000465,girl
238286,1989,Robyn,0.000458,girl
238287,1989,Summer,0.000456,girl
238288,1989,Alissa,0.00045,girl
238289,1989,Esther,0.00045,girl
238290,1989,Rose,0.00045,girl
238291,1989,Alejandra,0.000449,girl
238292,1989,Charlotte,0.000448,girl
238293,1989,Angelina,0.000448,girl
238294,1989,Melody,0.000443,girl
238295,1989,Ciara,0.000442,girl
238296,1989,Camille,0.000441,girl
238297,1989,Randi,0.00044,girl
238298,1989,Hope,0.000439,girl
238299,1989,Rachelle,0.000436,girl
238300,1989,Jaime,0.000434,girl
238301,1989,Chloe,0.000433,girl
238302,1989,Cierra,0.000431,girl
238303,1989,Dawn,0.000431,girl
238304,1989,Sonia,0.000431,girl
238305,1989,Helen,0.00043,girl
238306,1989,Mackenzie,0.000429,girl
238307,1989,Maggie,0.000421,girl
238308,1989,Suzanne,0.00042,girl
238309,1989,Tonya,0.000418,girl
238310,1989,Asia,0.000408,girl
238311,1989,Cecilia,0.000407,girl
238312,1989,Elisabeth,0.000407,girl
238313,1989,Miriam,0.000405,girl
238314,1989,Tatiana,0.000405,girl
238315,1989,Diane,0.000404,girl
238316,1989,Joy,0.000403,girl
238317,1989,Krystle,0.000402,girl
238318,1989,Sylvia,0.0004,girl
238319,1989,Aubrey,0.000398,girl
238320,1989,Paula,0.000398,girl
238321,1989,Carolina,0.000397,girl
238322,1989,Jane,0.000392,girl
238323,1989,Frances,0.000392,girl
238324,1989,Eva,0.000391,girl
238325,1989,Kassandra,0.000389,girl
238326,1989,Shana,0.000386,girl
238327,1989,Bonnie,0.000386,girl
238328,1989,Sheena,0.000386,girl
238329,1989,Nadia,0.000383,girl
238330,1989,Tierra,0.000382,girl
238331,1989,Clarissa,0.000382,girl
238332,1989,Ruby,0.000382,girl
238333,1989,Christian,0.000381,girl
238334,1989,Kelsie,0.000381,girl
238335,1989,Anastasia,0.000379,girl
238336,1989,Taryn,0.000379,girl
238337,1989,Hailey,0.000378,girl
238338,1989,Carol,0.000377,girl
238339,1989,Callie,0.000376,girl
238340,1989,Yvette,0.000375,girl
238341,1989,Christa,0.000374,girl
238342,1989,Alice,0.000371,girl
238343,1989,Annie,0.000371,girl
238344,1989,Karissa,0.000371,girl
238345,1989,Keri,0.000371,girl
238346,1989,Meaghan,0.000371,girl
238347,1989,Guadalupe,0.00037,girl
238348,1989,Lacy,0.00037,girl
238349,1989,Cheryl,0.000368,girl
238350,1989,Jazmine,0.000367,girl
238351,1989,Simone,0.000367,girl
238352,1989,Brittni,0.000366,girl
238353,1989,Alyson,0.000364,girl
238354,1989,Elena,0.000363,girl
238355,1989,Chasity,0.000361,girl
238356,1989,Tia,0.00036,girl
238357,1989,Sandy,0.00036,girl
238358,1989,Yolanda,0.000358,girl
238359,1989,Mindy,0.000357,girl
238360,1989,Keisha,0.000357,girl
238361,1989,Shayla,0.000357,girl
238362,1989,Charlene,0.000356,girl
238363,1989,Rochelle,0.000356,girl
238364,1989,Faith,0.000355,girl
238365,1989,Johanna,0.000353,girl
238366,1989,Antoinette,0.000353,girl
238367,1989,Tessa,0.000349,girl
238368,1989,Lillian,0.000348,girl
238369,1989,Ericka,0.000348,girl
238370,1989,Jazmin,0.000348,girl
238371,1989,Chantel,0.000343,girl
238372,1989,Julianne,0.000342,girl
238373,1989,Anita,0.00034,girl
238374,1989,Beth,0.000339,girl
238375,1989,Elaine,0.000338,girl
238376,1989,Yvonne,0.000337,girl
238377,1989,Shaina,0.000336,girl
238378,1989,Alana,0.000334,girl
238379,1989,Hanna,0.000332,girl
238380,1989,Leticia,0.000332,girl
238381,1989,Staci,0.000332,girl
238382,1989,Mia,0.00033,girl
238383,1989,Sheila,0.00033,girl
238384,1989,Leanna,0.00033,girl
238385,1989,Christie,0.000329,girl
238386,1989,Larissa,0.000327,girl
238387,1989,Daniela,0.000324,girl
238388,1989,Elisa,0.000321,girl
238389,1989,Stephani,0.00032,girl
238390,1989,Irene,0.00032,girl
238391,1989,Kristie,0.000319,girl
238392,1989,Katharine,0.000315,girl
238393,1989,Marilyn,0.000315,girl
238394,1989,Devon,0.000314,girl
238395,1989,Casandra,0.000313,girl
238396,1989,Kendall,0.000313,girl
238397,1989,Dorothy,0.000312,girl
238398,1989,Stacie,0.000311,girl
238399,1989,Jodi,0.000309,girl
238400,1989,Tanisha,0.000309,girl
238401,1989,Katlyn,0.000308,girl
238402,1989,Kylee,0.000308,girl
238403,1989,Alma,0.000307,girl
238404,1989,Elyse,0.000307,girl
238405,1989,Isabel,0.000307,girl
238406,1989,Kayleigh,0.000306,girl
238407,1989,Lyndsey,0.000305,girl
238408,1989,Leigh,0.000303,girl
238409,1989,Blanca,0.000302,girl
238410,1989,Marlene,0.000302,girl
238411,1989,Marina,0.000301,girl
238412,1989,Marisol,0.0003,girl
238413,1989,Latisha,0.0003,girl
238414,1989,Tracey,0.000299,girl
238415,1989,Nora,0.000299,girl
238416,1989,Sade,0.000298,girl
238417,1989,Celeste,0.000297,girl
238418,1989,Alysha,0.000297,girl
238419,1989,Jalisa,0.000297,girl
238420,1989,Tammy,0.000296,girl
238421,1989,Lorena,0.000296,girl
238422,1989,Devin,0.000295,girl
238423,1989,Katy,0.000294,girl
238424,1989,Mandy,0.000294,girl
238425,1989,Shayna,0.000294,girl
238426,1989,Tabatha,0.000292,girl
238427,1989,Kyla,0.000291,girl
238428,1989,Jaleesa,0.00029,girl
238429,1989,Traci,0.000288,girl
238430,1989,Maribel,0.000287,girl
238431,1989,Juliana,0.000286,girl
238432,1989,Charity,0.000286,girl
238433,1989,Ryan,0.000285,girl
238434,1989,Shauna,0.000285,girl
238435,1989,Bridgette,0.000282,girl
238436,1989,Kerry,0.000282,girl
238437,1989,Debra,0.000279,girl
238438,1989,Esmeralda,0.000279,girl
238439,1989,Brenna,0.000278,girl
238440,1989,Jaimie,0.000277,girl
238441,1989,Kerri,0.000277,girl
238442,1989,Shanna,0.000277,girl
238443,1989,Corinne,0.000275,girl
238444,1989,Janice,0.000275,girl
238445,1989,Lucy,0.000274,girl
238446,1989,Gabriella,0.000273,girl
238447,1989,Ashlie,0.000273,girl
238448,1989,Katelynn,0.000273,girl
238449,1989,Iris,0.000271,girl
238450,1989,Alisa,0.00027,girl
238451,1989,Shanice,0.00027,girl
238452,1989,Sally,0.000269,girl
238453,1989,Alaina,0.000268,girl
238454,1989,Britany,0.000268,girl
238455,1989,Norma,0.000267,girl
238456,1989,Ciera,0.000265,girl
238457,1989,Josephine,0.000265,girl
238458,1989,Leanne,0.000265,girl
238459,1989,Laurel,0.000265,girl
238460,1989,Liliana,0.000265,girl
238461,1989,Connie,0.000264,girl
238462,1989,Kala,0.000264,girl
238463,1989,Kierra,0.000264,girl
238464,1989,Sonya,0.000264,girl
238465,1989,Tricia,0.000264,girl
238466,1989,Eileen,0.000263,girl
238467,1989,Chanel,0.000263,girl
238468,1989,Judith,0.000258,girl
238469,1989,Noelle,0.000258,girl
238470,1989,Patrice,0.000254,girl
238471,1989,Stephany,0.000253,girl
238472,1989,Tiffani,0.000253,girl
238473,1989,Arianna,0.000252,girl
238474,1989,Jackie,0.000251,girl
238475,1989,Kaila,0.00025,girl
238476,1989,Precious,0.00025,girl
238477,1989,Tiana,0.00025,girl
238478,1989,Keshia,0.000249,girl
238479,1989,Juanita,0.000248,girl
238480,1989,Joyce,0.000247,girl
238481,1989,Breanne,0.000246,girl
238482,1989,Constance,0.000246,girl
238483,1989,Blair,0.000245,girl
238484,1989,Maureen,0.000245,girl
238485,1989,Annette,0.000243,girl
238486,1989,Jana,0.000242,girl
238487,1989,Cassidy,0.000242,girl
238488,1989,Whitley,0.000242,girl
238489,1989,Darlene,0.000241,girl
238490,1989,Jacklyn,0.000241,girl
238491,1989,Lara,0.000241,girl
238492,1989,Sadie,0.000241,girl
238493,1989,Natalia,0.00024,girl
238494,1989,Kira,0.000239,girl
238495,1989,Raven,0.000239,girl
238496,1989,Cecily,0.000238,girl
238497,1989,Ashly,0.000237,girl
238498,1989,Kali,0.000237,girl
238499,1989,Abbey,0.000236,girl
238500,1989,Jena,0.000236,girl
238501,1989,Kathy,0.000235,girl
238502,1989,Maritza,0.000234,girl
238503,1989,Shelly,0.000234,girl
238504,1989,Vivian,0.000234,girl
238505,1989,Rosemary,0.000233,girl
238506,1989,Margarita,0.000233,girl
238507,1989,Janae,0.000232,girl
238508,1989,Joanne,0.000232,girl
238509,1989,Francesca,0.00023,girl
238510,1989,Jami,0.00023,girl
238511,1989,Kiera,0.00023,girl
238512,1989,Shirley,0.00023,girl
238513,1989,Shantel,0.000229,girl
238514,1989,Beatriz,0.000229,girl
238515,1989,Diamond,0.000229,girl
238516,1989,Daniella,0.000226,girl
238517,1989,Sherry,0.000226,girl
238518,1989,Jennie,0.000225,girl
238519,1989,Laurie,0.000225,girl
238520,1989,Kacie,0.000225,girl
238521,1989,Serena,0.000225,girl
238522,1989,Tori,0.000224,girl
238523,1989,Elizabet,0.000223,girl
238524,1989,India,0.000223,girl
238525,1989,Kelsi,0.000221,girl
238526,1989,Mollie,0.000221,girl
238527,1989,Kourtney,0.000221,girl
238528,1989,Kristyn,0.00022,girl
238529,1989,Terri,0.00022,girl
238530,1989,Desirae,0.000218,girl
238531,1989,Beverly,0.000218,girl
238532,1989,Lakeisha,0.000218,girl
238533,1989,Gretchen,0.000216,girl
238534,1989,Susana,0.000214,girl
238535,1989,Maegan,0.000214,girl
238536,1989,Justina,0.000212,girl
238537,1989,Tania,0.000212,girl
238538,1989,Ashely,0.000212,girl
238539,1989,Belinda,0.000212,girl
238540,1989,Lynn,0.000212,girl
238541,1989,Clara,0.00021,girl
238542,1989,Katelin,0.000209,girl
238543,1989,Brittanie,0.000209,girl
238544,1989,Nikita,0.000209,girl
238545,1989,Lily,0.000208,girl
238546,1989,Hollie,0.000208,girl
238547,1989,Talia,0.000208,girl
238548,1989,Lizette,0.000207,girl
238549,1989,Rita,0.000207,girl
238550,1989,Alycia,0.000206,girl
238551,1989,Britni,0.000206,girl
238552,1989,Mara,0.000206,girl
238553,1989,Lena,0.000205,girl
238554,1989,Christen,0.000203,girl
238555,1989,Rhonda,0.000202,girl
238556,1989,Araceli,0.000202,girl
238557,1989,Jerrica,0.000202,girl
238558,1989,Genevieve,0.000201,girl
238559,1989,Carina,0.000201,girl
238560,1989,Betty,0.0002,girl
238561,1989,Mariah,0.0002,girl
238562,1989,Loren,0.000199,girl
238563,1989,Lucia,0.000198,girl
238564,1989,Lea,0.000198,girl
238565,1989,Lesley,0.000197,girl
238566,1989,Cristal,0.000197,girl
238567,1989,Infant,0.000197,girl
238568,1989,Julianna,0.000195,girl
238569,1989,Bobbie,0.000195,girl
238570,1989,Alysia,0.000194,girl
238571,1989,Ashlyn,0.000193,girl
238572,1989,Brandie,0.000191,girl
238573,1989,Lacie,0.000191,girl
238574,1989,Shelley,0.000191,girl
238575,1989,Tamika,0.000191,girl
238576,1989,Rocio,0.000191,girl
238577,1989,Octavia,0.00019,girl
238578,1989,Audra,0.00019,girl
238579,1989,Cayla,0.00019,girl
238580,1989,Chantal,0.000189,girl
238581,1989,Zoe,0.000189,girl
238582,1989,Allie,0.000188,girl
238583,1989,Brittaney,0.000188,girl
238584,1989,Aisha,0.000188,girl
238585,1989,Dianna,0.000188,girl
238586,1989,Cheyenne,0.000187,girl
238587,1989,Kyra,0.000187,girl
238588,1989,Mckenzie,0.000187,girl
238589,1989,Terra,0.000187,girl
238590,1989,Marisela,0.000185,girl
238591,1989,Brittny,0.000184,girl
238592,1989,Paris,0.000184,girl
238593,1989,Judy,0.000183,girl
238594,1989,Michael,0.000182,girl
238595,1989,Angie,0.000181,girl
238596,1989,Edith,0.00018,girl
238597,1989,Elisha,0.00018,girl
238598,1989,Ashli,0.000179,girl
238599,1989,Eleanor,0.000179,girl
238600,1989,Jenifer,0.000179,girl
238601,1989,Silvia,0.000179,girl
238602,1989,Nadine,0.000179,girl
238603,1989,Alanna,0.000177,girl
238604,1989,Mariana,0.000177,girl
238605,1989,Jayme,0.000177,girl
238606,1989,Kirstin,0.000176,girl
238607,1989,Kaci,0.000175,girl
238608,1989,Kaleigh,0.000175,girl
238609,1989,Kenya,0.000175,girl
238610,1989,Maura,0.000175,girl
238611,1989,Jean,0.000175,girl
238612,1989,Leann,0.000175,girl
238613,1989,Stevie,0.000175,girl
238614,1989,Janette,0.000174,girl
238615,1989,Alecia,0.000174,girl
238616,1989,Racheal,0.000173,girl
238617,1989,Maranda,0.000172,girl
238618,1989,Tiffanie,0.000172,girl
238619,1989,Dayna,0.000172,girl
238620,1989,Arlene,0.000171,girl
238621,1989,Logan,0.000171,girl
238622,1989,Luz,0.00017,girl
238623,1989,Maya,0.00017,girl
238624,1989,Chrystal,0.00017,girl
238625,1989,Elissa,0.00017,girl
238626,1989,Jerica,0.00017,girl
238627,1989,Amie,0.000169,girl
238628,1989,Savanna,0.000168,girl
238629,1989,Angelique,0.000168,girl
238630,1989,Corina,0.000168,girl
238631,1989,Sophie,0.000167,girl
238632,1989,Lorraine,0.000167,girl
238633,1989,Maricela,0.000167,girl
238634,1989,Emilee,0.000166,girl
238635,1989,Kacey,0.000166,girl
238636,1989,Selina,0.000166,girl
238637,1989,Cori,0.000165,girl
238638,1989,Danica,0.000165,girl
238639,1989,Janine,0.000165,girl
238640,1989,Noemi,0.000164,girl
238641,1989,Genesis,0.000162,girl
238642,1989,Josie,0.000161,girl
238643,1989,Krystina,0.000161,girl
238644,1989,Nathalie,0.000161,girl
238645,1989,Shante,0.00016,girl
238646,1989,Alexia,0.00016,girl
238647,1989,Gwendolyn,0.00016,girl
238648,1989,Kaley,0.00016,girl
238649,1989,Sofia,0.00016,girl
238650,1989,Nicolette,0.000159,girl
238651,1989,Janay,0.000158,girl
238652,1989,Jesse,0.000158,girl
238653,1989,Katlin,0.000158,girl
238654,1989,Cassondra,0.000157,girl
238655,1989,Jeannette,0.000157,girl
238656,1989,Kristal,0.000157,girl
238657,1989,Kristian,0.000156,girl
238658,1989,Celia,0.000156,girl
238659,1989,Joann,0.000156,girl
238660,1989,Antonia,0.000155,girl
238661,1989,Alyse,0.000155,girl
238662,1989,Kailey,0.000155,girl
238663,1989,Lyndsay,0.000154,girl
238664,1989,Emilie,0.000153,girl
238665,1989,Adrian,0.000153,girl
238666,1989,Chelsi,0.000153,girl
238667,1989,Marquita,0.000153,girl
238668,1989,Eden,0.000152,girl
238669,1989,Kasandra,0.000152,girl
238670,1989,Lana,0.000152,girl
238671,1989,Beatrice,0.000152,girl
238672,1989,Betsy,0.000152,girl
238673,1989,Chantelle,0.000152,girl
238674,1989,Eliza,0.000152,girl
238675,1989,Lynette,0.000152,girl
238676,1989,Rhiannon,0.000152,girl
238677,1989,Alexandr,0.000151,girl
238678,1989,Princess,0.000151,girl
238679,1989,Roxana,0.000151,girl
238680,1989,Alesha,0.00015,girl
238681,1989,Latrice,0.00015,girl
238682,1989,Lora,0.000149,girl
238683,1989,Porsha,0.000149,girl
238684,1989,Adrianne,0.000148,girl
238685,1989,Fatima,0.000148,girl
238686,1989,Janie,0.000148,girl
238687,1989,Kimberley,0.000148,girl
238688,1989,Chandra,0.000148,girl
238689,1989,Kiersten,0.000148,girl
238690,1989,Kiley,0.000148,girl
238691,1989,Paulina,0.000148,girl
238692,1989,Felisha,0.000147,girl
238693,1989,Breana,0.000146,girl
238694,1989,Brittnee,0.000145,girl
238695,1989,Trista,0.000145,girl
238696,1989,Corey,0.000144,girl
238697,1989,Yasmin,0.000144,girl
238698,1989,Kassie,0.000143,girl
238699,1989,Kori,0.000143,girl
238700,1989,Latonya,0.000143,girl
238701,1989,Shanika,0.000143,girl
238702,1989,Alina,0.000142,girl
238703,1989,Bobbi,0.000141,girl
238704,1989,Clare,0.000141,girl
238705,1989,Kandice,0.000141,girl
238706,1989,Selena,0.000141,girl
238707,1989,Joan,0.000141,girl
238708,1989,Madeleine,0.000141,girl
238709,1989,Yadira,0.000141,girl
238710,1989,Athena,0.00014,girl
238711,1989,Jodie,0.00014,girl
238712,1989,Britny,0.00014,girl
238713,1989,Ivy,0.00014,girl
238714,1989,Krysta,0.00014,girl
238715,1989,Laci,0.00014,girl
238716,1989,Katherin,0.000139,girl
238717,1989,Jolene,0.000138,girl
238718,1989,Darcy,0.000138,girl
238719,1989,Debbie,0.000138,girl
238720,1989,Georgia,0.000138,girl
238721,1989,Janna,0.000137,girl
238722,1989,Noel,0.000137,girl
238723,1989,Aurora,0.000137,girl
238724,1989,Sonja,0.000137,girl
238725,1989,Tiera,0.000137,girl
238726,1989,Tyler,0.000137,girl
238727,1989,Cameron,0.000136,girl
238728,1989,Melisa,0.000136,girl
238729,1989,Jessika,0.000136,girl
238730,1989,Myra,0.000136,girl
238731,1989,Tess,0.000136,girl
238732,1989,Dina,0.000135,girl
238733,1989,Leandra,0.000135,girl
238734,1989,Lauryn,0.000135,girl
238735,1989,Olga,0.000134,girl
238736,1989,Perla,0.000134,girl
238737,1989,Tracie,0.000134,girl
238738,1989,Pauline,0.000134,girl
238739,1989,Abbie,0.000133,girl
238740,1989,Gladys,0.000133,girl
238741,1989,Liana,0.000133,girl
238742,1989,Maryann,0.000133,girl
238743,1989,Phylicia,0.000133,girl
238744,1989,Kaylyn,0.000133,girl
238745,1989,Kimberlee,0.000133,girl
238746,1989,Liza,0.000133,girl
238747,1989,Alexandrea,0.000132,girl
238748,1989,Gillian,0.000132,girl
238749,1989,Irma,0.000132,girl
238750,1989,Becky,0.000132,girl
238751,1989,Tameka,0.000132,girl
238752,1989,Mikayla,0.000131,girl
238753,1989,Griselda,0.000131,girl
238754,1989,Kim,0.000131,girl
238755,1989,Portia,0.000131,girl
238756,1989,Stefani,0.000131,girl
238757,1989,Ali,0.00013,girl
238758,1989,Kortney,0.00013,girl
238759,1989,Audrianna,0.000129,girl
238760,1989,Kandace,0.000129,girl
238761,1989,Leeann,0.000129,girl
238762,1989,Kathrine,0.000128,girl
238763,1989,Lashonda,0.000128,girl
238764,1989,Paola,0.000128,girl
238765,1989,Ingrid,0.000128,girl
238766,1989,Kyle,0.000128,girl
238767,1989,Lissette,0.000128,girl
238768,1989,Marjorie,0.000127,girl
238769,1989,Iliana,0.000127,girl
238770,1989,Kaela,0.000127,girl
238771,1989,Roxanna,0.000127,girl
238772,1989,Kirstie,0.000126,girl
238773,1989,Unknown,0.000126,girl
238774,1989,Catrina,0.000126,girl
238775,1989,Demetria,0.000126,girl
238776,1989,Geraldine,0.000126,girl
238777,1989,Kati,0.000125,girl
238778,1989,Samatha,0.000125,girl
238779,1989,Celina,0.000124,girl
238780,1989,Kaylin,0.000124,girl
238781,1989,Lizbeth,0.000124,girl
238782,1989,Kaitlynn,0.000124,girl
238783,1989,Martina,0.000124,girl
238784,1989,Cora,0.000123,girl
238785,1989,Janessa,0.000123,girl
238786,1989,Mandi,0.000123,girl
238787,1989,Christopher,0.000122,girl
238788,1989,Joelle,0.000121,girl
238789,1989,Richelle,0.000121,girl
238790,1989,Alex,0.000121,girl
238791,1989,Cari,0.000121,girl
238792,1989,Skye,0.000121,girl
238793,1989,Asha,0.00012,girl
238794,1989,Dara,0.00012,girl
238795,1989,Mai,0.00012,girl
238796,1989,Marianne,0.00012,girl
238797,1989,Rebeca,0.00012,girl
238798,1989,Aileen,0.00012,girl
238799,1989,Anabel,0.00012,girl
238800,1989,Bernadette,0.00012,girl
238801,1989,Elaina,0.00012,girl
238802,1989,Holli,0.00012,girl
238803,1989,Janel,0.00012,girl
238804,1989,Alexander,0.000119,girl
238805,1989,Hallie,0.000119,girl
238806,1989,Krysten,0.000119,girl
238807,1989,Madelyn,0.000119,girl
238808,1989,Yessenia,0.000119,girl
238809,1989,Bridgett,0.000119,girl
238810,1989,Deja,0.000119,girl
238811,1989,Eboni,0.000117,girl
238812,1989,Teri,0.000117,girl
238813,1989,Valeria,0.000117,girl
238814,1989,Giselle,0.000117,girl
238815,1989,Billie,0.000116,girl
238816,1989,Kiana,0.000116,girl
238817,1989,Roberta,0.000116,girl
238818,1989,Chaya,0.000116,girl
238819,1989,Deidra,0.000116,girl
238820,1989,Edna,0.000116,girl
238821,1989,Lee,0.000116,girl
238822,1989,Shamika,0.000116,girl
238823,1989,Jordyn,0.000115,girl
238824,1989,Kalyn,0.000115,girl
238825,1989,Maira,0.000115,girl
238826,1989,Shea,0.000115,girl
238827,1989,Tera,0.000115,girl
238828,1989,Lakeshia,0.000115,girl
238829,1989,Sherri,0.000115,girl
238830,1989,Carley,0.000114,girl
238831,1989,Jody,0.000114,girl
238832,1989,Susanna,0.000114,girl
238833,1989,Charmaine,0.000114,girl
238834,1989,Geneva,0.000114,girl
238835,1989,Kaylie,0.000114,girl
238836,1989,Baby,0.000113,girl
238837,1989,Ayla,0.000113,girl
238838,1989,Cathy,0.000113,girl
238839,1989,Kallie,0.000112,girl
238840,1989,Marcella,0.000112,girl
238841,1989,Cherish,0.000111,girl
238842,1989,Daphne,0.000111,girl
238843,1989,Jaqueline,0.000111,girl
238844,1989,Julissa,0.000111,girl
238845,1989,Kelsea,0.000111,girl
238846,1989,Monika,0.000111,girl
238847,1989,Fabiola,0.00011,girl
238848,1989,Bryanna,0.00011,girl
238849,1989,Candy,0.00011,girl
238850,1989,Delia,0.00011,girl
238851,1989,Breann,0.000109,girl
238852,1989,Brittnie,0.000109,girl
238853,1989,Cherie,0.000109,girl
238854,1989,Dena,0.000109,girl
238855,1989,Fallon,0.000109,girl
238856,1989,Kaycee,0.000109,girl
238857,1989,Alessandra,0.000109,girl
238858,1989,Rikki,0.000109,girl
238859,1989,Tawny,0.000109,girl
238860,1989,Valencia,0.000108,girl
238861,1989,Catalina,0.000108,girl
238862,1989,Janell,0.000108,girl
238863,1989,Audriana,0.000107,girl
238864,1989,Brook,0.000107,girl
238865,1989,Christi,0.000107,girl
238866,1989,Deidre,0.000107,girl
238867,1989,Jamila,0.000107,girl
238868,1989,Peggy,0.000107,girl
238869,1989,Domonique,0.000106,girl
238870,1989,Juana,0.000106,girl
238871,1989,Kasie,0.000106,girl
238872,1989,Marcia,0.000106,girl
238873,1989,Tanesha,0.000106,girl
238874,1989,Danika,0.000106,girl
238875,1989,Keely,0.000106,girl
238876,1989,Shameka,0.000106,girl
238877,1989,Cory,0.000105,girl
238878,1989,Jessi,0.000105,girl
238879,1989,Kristan,0.000105,girl
238880,1989,Laquita,0.000105,girl
238881,1989,Tosha,0.000105,girl
238882,1989,Elsa,0.000104,girl
238883,1989,Jeanne,0.000104,girl
238884,1989,Krystin,0.000104,girl
238885,1989,Vicky,0.000104,girl
238886,1989,Doris,0.000104,girl
238887,1989,Georgina,0.000104,girl
238888,1989,Gianna,0.000104,girl
238889,1989,Joshua,0.000104,girl
238890,1989,Makayla,0.000104,girl
238891,1989,Marlena,0.000104,girl
238892,1989,Allyssa,0.000103,girl
238893,1989,Andria,0.000103,girl
238894,1989,Ashanti,0.000103,girl
238895,1989,Bree,0.000103,girl
238896,1989,Martika,0.000103,girl
238897,1989,Kia,0.000103,girl
238898,1989,Shari,0.000103,girl
238899,1989,Glenda,0.000102,girl
238900,1989,Micaela,0.000102,girl
238901,1989,Mikaela,0.000102,girl
238902,1989,Shanae,0.000102,girl
238903,1989,Chastity,0.000102,girl
238904,1989,Viviana,0.000101,girl
238905,1989,Graciela,0.000101,girl
238906,1989,Loretta,0.000101,girl
238907,1989,Aja,0.0001,girl
238908,1989,Cecelia,0.0001,girl
238909,1989,Danyelle,0.0001,girl
238910,1989,Lia,0.0001,girl
238911,1989,Destinee,0.0001,girl
238912,1989,Leila,0.0001,girl
238913,1989,Reyna,0.0001,girl
238914,1989,Ivette,9.9e-05,girl
238915,1989,Lakesha,9.9e-05,girl
238916,1989,Mari,9.9e-05,girl
238917,1989,Justin,9.9e-05,girl
238918,1989,Tarah,9.9e-05,girl
238919,1989,Chanelle,9.8e-05,girl
238920,1989,Nikole,9.8e-05,girl
238921,1989,Brandee,9.8e-05,girl
238922,1989,Dora,9.8e-05,girl
238923,1989,Lynsey,9.8e-05,girl
238924,1989,Latosha,9.7e-05,girl
238925,1989,Lisette,9.7e-05,girl
238926,1989,Salina,9.7e-05,girl
238927,1989,Trina,9.7e-05,girl
238928,1989,Chana,9.7e-05,girl
238929,1989,Lakisha,9.7e-05,girl
238930,1989,Marian,9.7e-05,girl
238931,1989,Brittnay,9.6e-05,girl
238932,1989,Dominque,9.6e-05,girl
238933,1989,Magen,9.6e-05,girl
238934,1989,Shantell,9.6e-05,girl
238935,1989,Valarie,9.6e-05,girl
238936,1989,Marla,9.6e-05,girl
238937,1989,Marsha,9.6e-05,girl
238938,1989,Tianna,9.6e-05,girl
238939,1989,Cody,9.5e-05,girl
238940,1989,Tayler,9.5e-05,girl
238941,1989,Daniel,9.5e-05,girl
238942,1989,Jesica,9.5e-05,girl
238943,1989,Corrine,9.4e-05,girl
238944,1989,Phoebe,9.4e-05,girl
238945,1989,Yajaira,9.4e-05,girl
238946,1989,Yasmine,9.4e-05,girl
238947,1989,Christiana,9.4e-05,girl
238948,1989,Moriah,9.4e-05,girl
238949,1989,Sheri,9.4e-05,girl
238950,1989,Carlie,9.3e-05,girl
238951,1989,Casie,9.3e-05,girl
238952,1989,Karly,9.3e-05,girl
238953,1989,Rosanna,9.3e-05,girl
238954,1989,Shaniqua,9.3e-05,girl
238955,1989,Annmarie,9.3e-05,girl
238956,1989,Cherelle,9.2e-05,girl
238957,1989,Brigitte,9.1e-05,girl
238958,1989,Dolores,9.1e-05,girl
238959,1989,Cheri,9.1e-05,girl
238960,1989,Chiquita,9.1e-05,girl
238961,1989,Juliet,9.1e-05,girl
238962,1989,Karin,9.1e-05,girl
238963,1989,Kimber,9.1e-05,girl
238964,1989,Luisa,9.1e-05,girl
238965,1989,Sarai,9.1e-05,girl
238966,1989,Shakira,9.1e-05,girl
238967,1989,Shanelle,9.1e-05,girl
238968,1989,Johnna,9e-05,girl
238969,1989,Rosalinda,9e-05,girl
238970,1989,Deana,9e-05,girl
238971,1989,Magan,9e-05,girl
238972,1989,Micah,9e-05,girl
238973,1989,Wanda,9e-05,girl
238974,1989,Antionette,8.9e-05,girl
238975,1989,Avery,8.9e-05,girl
238976,1989,Brynn,8.9e-05,girl
238977,1989,Eunice,8.9e-05,girl
238978,1989,Lizeth,8.9e-05,girl
238979,1989,Joni,8.9e-05,girl
238980,1989,Rena,8.9e-05,girl
238981,1989,Deirdre,8.8e-05,girl
238982,1989,James,8.8e-05,girl
238983,1989,Kacy,8.8e-05,girl
238984,1989,Karli,8.8e-05,girl
238985,1989,Lourdes,8.8e-05,girl
238986,1989,Joana,8.8e-05,girl
238987,1989,Katheryn,8.8e-05,girl
238988,1989,Angelia,8.7e-05,girl
238989,1989,Helena,8.7e-05,girl
238990,1989,Jeannie,8.7e-05,girl
238991,1989,Margo,8.7e-05,girl
238992,1989,Matthew,8.7e-05,girl
238993,1989,Renae,8.7e-05,girl
238994,1989,Ryann,8.7e-05,girl
238995,1989,Anjelica,8.7e-05,girl
238996,1989,Ava,8.7e-05,girl
238997,1989,Ginger,8.7e-05,girl
238998,1989,Mariel,8.7e-05,girl
238999,1989,Maxine,8.7e-05,girl
